AID rvf_elisa_pn lepto_elisa_pn bruc_elisa_pn qfev_elisa_pn BVDV_elisa_pn toxo_elisa_pn neospora_elisa_pn district_name sample_month animalsex herdsize_fct
S00731 0 0 0 0 0 0 0 1 8 1 1
S00135 0 0 0 0 0 0 0 1 8 1 1
S00845 0 1 0 0 0 0 0 1 8 1 1
S00931 0 0 0 0 0 0 1 1 8 1 1
S01833 0 0 0 0 0 0 0 1 8 1 1
S00073 0 0 0 0 0 0 1 1 8 1 1
S01513 0 0 0 0 0 0 0 1 8 1 1
S01632 0 0 0 0 0 0 0 1 8 1 1
S00629 0 0 0 0 0 1 0 1 8 1 1
S01974 0 0 0 0 0 0 0 1 8 1 1
S00559 0 0 0 0 0 0 1 1 8 1 1
S00201 0 0 0 0 0 0 1 1 8 1 1
S00928 0 0 0 0 0 0 1 1 8 1 1
S01860 0 0 0 0 1 0 0 1 8 1 1
S00220 0 0 0 0 0 0 0 1 8 2 1
S01734 0 0 0 0 0 0 0 1 8 1 1
S00875 0 0 0 1 1 0 0 1 8 1 1
S01128 0 0 0 0 0 0 0 1 8 1 1
S00679 1 0 0 0 0 0 1 1 8 1 2
S01883 0 0 0 0 0 0 0 1 8 1 1
S01908 0 0 0 0 0 0 0 1 8 1 1
S00642 0 0 0 0 0 0 0 1 8 1 2
S01372 0 0 0 0 0 0 0 1 8 1 1
S00724 0 0 0 0 0 0 0 1 8 1 2
S00830 0 0 0 0 0 0 0 1 8 1 1
S01454 0 0 0 0 0 0 1 1 8 1 1
S01221 0 0 0 0 1 1 0 1 8 1 1
S01972 0 0 0 0 1 0 0 1 8 1 1
S01730 0 0 0 0 0 1 1 1 8 1 1
S00251 0 0 0 0 0 0 1 1 8 1 1
S00630 0 0 0 0 0 0 1 1 8 1 1
S00883 0 0 0 0 0 0 0 1 8 1 1
S00301 0 0 0 0 0 0 1 1 8 1 2
S00123 0 0 0 0 0 0 1 1 8 1 2
S01308 0 0 0 0 0 0 0 1 8 1 1
S01152 0 0 0 1 0 0 0 1 8 1 1
S01789 0 0 0 0 0 0 0 1 8 1 1
S00043 0 0 0 0 0 0 0 1 8 1 1
S00427 0 0 0 0 1 0 0 1 8 1 1
S01661 0 0 0 0 0 1 0 1 8 1 1
S01742 0 0 0 0 0 0 1 1 8 1 2
S01952 0 0 0 0 0 0 1 1 8 1 2
S01798 0 0 0 0 0 0 0 1 8 1 1
S01944 0 0 0 0 0 0 0 1 8 1 1
S00700 0 0 0 0 0 0 0 1 8 1 1
S00247 0 0 0 0 0 0 0 1 8 1 1
S00235 0 0 0 0 0 0 0 1 8 1 1
S00454 0 0 0 0 0 0 0 1 8 1 1
S01327 0 0 0 0 0 1 0 1 8 1 1
S01081 0 0 0 0 1 0 0 1 8 1 1
S00917 0 0 0 0 0 0 0 1 8 1 1
S00695 0 0 0 0 0 0 0 1 8 1 1
S01895 0 0 0 0 1 0 1 1 8 1 1
S00206 0 0 0 0 1 0 0 1 8 1 1
S01859 0 0 0 0 0 1 1 1 8 1 1
S01163 0 0 0 0 1 0 0 1 8 1 1
S00132 0 0 0 0 0 0 0 1 8 1 1
S00824 0 0 0 0 0 1 0 1 8 1 1
S01096 0 0 0 0 1 0 0 1 8 1 1
S01534 0 0 0 0 0 0 1 1 8 1 1
S01514 0 0 0 0 1 0 0 1 8 1 1
S00567 0 0 0 0 1 0 0 1 8 1 1
S00248 0 0 0 0 0 0 0 1 8 1 2
S01563 0 0 0 0 0 0 0 1 8 1 1
S01388 0 0 0 0 0 0 1 1 8 1 1
S00531 0 0 0 0 1 0 0 1 8 1 2
S01876 0 1 0 0 1 0 1 1 8 1 1
S01241 0 0 0 0 1 0 0 1 8 1 1
S00844 0 0 0 0 0 0 0 1 8 1 2
S01304 0 0 0 0 0 0 0 1 8 1 2
S00741 0 0 0 1 0 0 0 1 8 1 1
S01575 0 0 0 0 1 0 0 1 8 1 1
S01073 0 0 0 0 1 0 0 1 8 1 1
S01305 0 0 0 0 0 0 0 1 7 1 1
S01136 0 0 0 0 0 1 1 1 7 1 2
S00150 0 0 0 0 0 0 0 1 7 1 3
S01659 0 0 0 0 0 0 1 1 7 1 2
S01339 0 0 0 0 1 0 1 1 7 1 1
S00958 0 0 0 0 0 0 0 1 7 1 3
S00633 0 0 0 0 1 0 0 1 7 1 1
S00577 0 0 0 0 1 0 1 1 7 1 1
S01426 0 0 0 0 0 0 0 1 7 1 1
S01689 0 0 0 0 0 0 1 1 7 1 1
S01402 0 0 0 0 1 0 0 1 7 1 1
S00167 0 0 0 0 1 0 1 1 7 1 1
S01791 0 0 0 0 0 0 1 1 7 1 1
S01581 0 0 0 0 1 0 0 1 7 1 1
S01203 0 0 0 0 0 0 0 1 7 1 1
S01759 0 0 0 0 0 0 0 1 7 1 1
S01104 0 0 0 0 0 0 0 1 7 1 1
S01677 0 0 0 0 0 0 0 1 7 1 1
S01813 0 0 0 0 0 0 0 1 7 1 1
S00759 0 0 0 0 0 0 0 1 7 1 2
S01809 0 0 0 0 1 0 0 1 7 1 1
S00992 0 0 0 0 0 0 0 1 7 1 1
S01271 0 0 0 0 0 0 0 1 7 1 1
S01854 0 0 0 0 1 0 0 1 7 1 1
S00880 0 0 0 0 0 0 0 1 7 1 1
S01945 0 0 0 0 0 0 0 1 7 1 1
S00583 0 0 0 0 0 1 0 1 7 1 1
S00003 0 0 0 0 1 0 1 1 7 1 1
S00541 0 0 0 0 0 0 0 1 7 1 1
S00157 0 0 0 0 0 1 1 1 7 1 2
S01262 0 0 0 0 1 1 0 1 7 1 1
S00941 0 0 0 0 0 0 0 1 7 1 1
S00227 0 0 0 0 0 0 1 1 7 1 2
S00671 0 0 0 0 0 0 0 1 7 1 1
S01804 0 0 0 0 0 0 0 1 7 1 1
S00342 0 0 0 0 1 0 0 1 7 1 3
S00509 0 0 0 0 0 0 0 1 7 1 1
S01437 0 0 0 0 0 0 0 1 7 1 1
S00598 0 0 0 0 0 0 1 1 7 1 1
S00658 0 0 0 0 0 0 0 1 8 1 1
S01386 0 0 0 0 0 0 1 1 8 1 1
S01322 0 0 0 0 0 0 0 1 8 1 3
S00476 0 0 0 0 0 0 0 1 8 1 3
S00543 0 0 0 0 0 0 1 1 8 1 3
S01938 0 0 1 0 0 0 1 1 8 1 3
S01593 0 0 0 0 0 0 0 1 8 1 3
S00292 1 0 0 0 1 0 0 1 8 1 3
S01370 0 0 0 0 0 0 0 1 8 1 3
S01732 0 0 0 0 0 0 0 1 8 1 3
S01905 0 0 0 0 0 1 0 1 8 1 2
S00924 0 1 0 0 0 0 0 1 8 1 1
S01337 0 0 0 0 1 0 1 1 8 1 1
S01355 0 0 0 0 0 0 1 1 8 1 1
S01043 0 0 0 0 0 0 1 1 8 1 3
S01866 1 0 0 0 0 0 0 1 8 1 3
S01307 0 0 0 0 0 0 0 1 8 1 3
S00370 0 0 0 0 0 0 1 1 8 1 1
S01975 0 0 0 0 0 0 0 2 8 1 1
S02003 0 0 0 0 0 0 0 2 8 1 1
S01941 0 0 0 0 0 1 0 2 8 1 1
S01479 0 1 0 0 1 0 0 2 8 1 1
S01701 0 0 0 0 0 0 1 2 7 1 1
S01755 0 0 0 0 0 0 0 2 7 1 1
S01109 0 0 0 0 0 0 1 2 7 1 1
S00717 0 0 0 0 0 0 0 2 7 1 1
S00918 0 1 0 0 0 0 1 2 7 1 1
S01899 0 0 0 0 0 0 1 2 7 1 1
S02001 0 0 0 0 1 0 0 2 8 1 1
S01349 0 0 0 0 0 0 1 2 8 1 1
S00626 0 0 0 0 0 0 1 2 8 1 1
S00661 0 0 0 0 1 0 0 2 8 2 1
S00282 0 0 0 0 1 0 1 2 7 1 1
S00137 0 0 0 0 0 1 0 2 8 1 1
S00029 0 0 0 0 1 0 0 2 8 1 1
S00232 0 0 0 0 1 0 0 2 8 1 1
S00345 0 0 0 0 0 1 0 2 8 1 1
S01282 0 0 0 0 1 0 0 2 8 1 1
S01007 0 1 0 0 1 0 0 2 8 1 1
S00625 0 0 0 0 0 0 0 2 8 1 1
S00704 0 0 0 0 1 0 0 2 8 1 1
S00847 0 0 0 0 0 0 0 2 8 1 1
S00433 0 1 0 0 1 0 0 2 8 1 2
S00408 0 0 0 0 1 0 1 2 8 1 2
S00579 0 0 0 0 1 0 0 2 8 1 1
S00321 0 1 0 0 0 0 1 2 8 1 1
S01048 0 0 0 0 1 0 0 2 8 1 1
S01770 0 0 0 0 1 0 1 2 8 1 1
S01815 0 1 0 0 0 0 0 2 8 1 1
S00503 0 0 0 0 1 0 0 2 8 1 1
S01680 0 0 0 0 1 0 0 2 8 1 1
S00927 0 0 0 0 0 0 1 2 8 1 1
S00653 0 0 0 0 1 0 0 2 8 1 2
S01170 0 0 0 0 0 0 0 2 8 1 1
S00898 0 0 0 0 1 0 0 2 8 1 2
S00953 0 0 0 0 0 0 0 2 8 1 1
S00608 0 0 0 0 0 0 0 2 8 1 1
S00665 0 0 0 0 1 0 0 2 8 1 2
S00153 0 0 0 0 1 0 1 2 8 1 1
S00683 0 1 0 0 0 0 1 2 8 1 1
S00733 0 0 0 0 1 0 0 2 8 1 1
S00453 0 1 0 0 0 0 1 2 7 1 1
S01683 0 0 0 0 0 0 1 2 7 1 1
S01745 0 0 0 0 0 0 1 2 7 1 1
S00116 0 0 0 0 0 0 0 2 7 1 1
S00063 0 1 0 0 0 0 0 2 7 1 1
S01072 0 0 0 0 0 0 1 2 7 1 1
S00163 0 0 0 0 0 0 0 2 7 1 1
S00836 0 0 0 0 0 0 0 2 7 1 1
S01627 0 0 0 0 0 0 0 2 7 1 1
S01279 0 0 0 0 0 0 0 2 7 1 1
S00496 0 0 0 0 0 0 0 2 7 1 1
S01582 0 0 0 0 0 0 0 2 7 1 1
S00742 0 0 0 0 0 0 1 2 7 1 1
S00513 0 0 0 0 1 0 0 2 7 1 1
S00802 0 0 0 0 0 0 0 2 7 1 1
S00146 0 1 0 0 0 0 0 2 8 1 1
S01297 0 0 0 0 0 0 0 2 8 2 1
S00806 0 0 0 0 0 0 0 2 8 1 1
S01810 0 0 0 0 0 0 1 2 8 1 1
S01451 0 0 0 0 1 0 0 2 8 1 1
S01319 0 0 0 0 0 0 0 2 8 1 1
S01565 0 0 0 0 0 1 0 2 7 1 1
S01484 0 0 0 0 0 0 1 2 7 1 1
S01083 0 0 0 0 1 0 0 2 7 1 1
S00385 0 0 0 0 0 0 1 2 7 1 1
S00126 0 0 0 0 0 0 1 2 7 1 1
S00434 0 0 0 0 1 0 0 2 7 1 1
S00097 0 0 0 0 0 0 1 2 7 1 1
S01489 0 0 0 0 1 0 0 2 7 1 1
S00379 0 0 0 0 1 0 0 2 7 1 1
S00060 0 0 0 0 0 1 0 2 7 2 1
S00409 0 0 0 0 0 0 0 2 7 1 1
S01594 0 0 0 0 1 0 1 14 7 1 1
S00514 0 0 0 0 0 0 0 14 7 2 1
S00617 0 0 0 0 0 0 0 14 8 2 1
S01070 0 0 0 0 0 0 1 14 8 1 1
S01536 0 0 0 0 0 0 0 14 8 1 1
S01923 0 0 0 0 0 1 1 14 8 1 1
S00904 0 0 0 0 0 1 0 14 8 2 1
S02006 0 0 0 0 0 0 1 14 8 1 1
S00558 0 0 0 0 0 0 0 14 8 1 1
S00302 0 0 0 0 0 0 0 14 8 1 1
S00439 0 0 0 0 0 0 0 14 8 1 1
S00486 0 0 0 0 1 0 0 14 8 1 1
S00057 0 0 0 0 0 0 0 14 7 1 1
S00417 0 0 0 0 0 0 0 14 7 1 1
S01015 0 0 0 0 0 0 0 14 7 1 1
S01906 0 0 0 0 0 0 0 14 7 1 1
S01646 0 0 0 0 0 0 1 14 7 1 1
S00564 0 0 0 0 1 0 0 14 7 1 1
S01861 0 0 0 0 1 0 0 14 7 1 1
S00545 1 0 0 0 0 0 1 14 7 1 1
S00225 0 0 0 0 0 0 0 14 7 1 1
S00259 0 0 0 0 1 0 0 14 7 1 1
S00944 0 0 0 0 0 0 0 14 7 1 1
S01919 0 0 0 0 0 0 0 14 7 1 1
S00011 0 0 0 0 0 0 0 14 7 1 1
S00194 0 0 0 0 0 0 0 14 7 1 1
S00490 0 0 0 0 0 0 0 14 7 1 1
S01347 0 0 0 0 0 0 0 14 7 1 1
S00128 0 0 0 0 0 0 1 14 7 1 1
S00943 0 1 0 0 0 0 0 14 7 1 1
S01132 0 0 0 0 0 0 1 14 7 1 1
S00959 0 0 0 0 0 0 0 14 7 1 1
S00721 0 0 0 0 0 0 1 14 7 1 1
S01532 0 0 0 0 0 0 1 14 7 2 1
S01030 1 0 0 0 1 0 1 14 7 1 1
S00976 0 0 0 0 0 0 0 14 7 1 1
S00467 0 0 0 0 1 0 0 14 7 1 1
S01403 0 0 0 0 0 0 0 14 7 1 1
S00649 0 0 0 0 0 0 0 14 7 1 1
S01487 0 0 0 0 0 0 1 14 7 1 1
S00641 0 0 0 0 1 0 0 14 7 1 1
S00438 0 0 0 0 0 0 0 14 7 1 1
S00070 0 0 0 0 0 0 1 14 8 1 1
S01475 0 0 0 0 0 0 0 14 8 1 1
S01442 0 0 0 0 0 0 1 14 8 1 1
S00264 0 0 0 0 1 0 0 14 8 1 1
S00462 0 0 0 0 0 0 0 14 8 2 1
S01571 0 0 0 0 0 0 0 14 8 1 1
S00031 0 0 0 0 1 0 0 14 8 1 1
S00114 0 1 0 0 0 0 1 14 8 1 1
S00622 0 0 0 0 0 0 0 14 7 1 1
S01621 0 0 0 0 0 0 0 14 7 1 1
S00106 0 0 0 0 0 0 0 14 7 1 1
S01259 0 0 0 0 0 0 0 14 7 1 1
S00199 0 0 0 0 0 0 0 14 7 1 1
S01464 0 0 0 0 0 0 0 14 7 1 1
S00529 0 0 0 0 0 0 1 14 7 1 1
S01814 0 0 0 0 0 0 0 14 7 1 1
S01916 1 0 0 0 0 0 1 14 8 1 1
S00457 0 0 0 0 0 0 1 14 7 1 1
S00016 0 0 0 0 0 1 0 14 7 1 1
S00032 0 0 0 0 0 0 1 14 7 1 1
S01044 0 0 0 0 0 0 1 14 7 1 1
S00816 NA 0 0 0 0 0 1 14 7 1 1
S01353 0 0 0 0 1 0 0 14 7 1 1
S01315 0 1 0 0 1 0 0 14 7 1 1
S00861 0 0 0 0 0 0 0 14 7 1 1
S00319 0 0 0 0 0 0 1 14 7 1 1
S01930 0 1 0 0 1 0 0 14 7 1 1
S01714 0 0 0 0 1 0 0 14 8 1 1
S00283 NA 0 0 0 0 1 0 14 7 1 1
S00204 NA 0 0 0 0 0 1 14 7 1 1
S00725 0 0 0 0 0 0 0 14 7 1 1
S00966 0 0 0 0 0 0 0 14 8 1 1
S00555 0 0 0 0 0 0 1 14 7 1 3
S00068 0 0 0 0 0 0 0 14 7 1 1
S00828 1 0 0 0 1 0 0 14 7 2 1
S00942 0 1 0 0 1 0 1 14 7 2 1
S00568 0 1 0 1 1 0 0 14 7 2 1
S01016 0 1 0 0 1 0 0 14 7 2 1
S01544 0 1 0 0 1 0 0 14 7 2 1
S00395 1 1 0 0 1 0 0 14 7 2 1
S00500 0 1 0 0 1 0 0 14 7 2 1
S00328 0 0 0 0 1 0 0 14 7 2 1
S01973 1 0 0 0 1 0 1 14 7 1 1
S01325 1 0 0 0 1 0 0 14 7 2 1
S00600 0 0 0 0 0 0 0 14 7 2 1
S01114 0 0 0 0 0 0 0 14 7 1 1
S01077 0 1 0 0 1 0 0 14 7 2 1
S01047 0 1 0 0 1 0 0 14 7 1 1
S00072 0 0 0 0 1 0 0 14 7 2 1
S01668 0 0 0 0 1 0 0 14 7 2 1
S00537 0 0 0 0 0 0 0 14 7 1 1
S00910 0 0 0 0 1 0 0 14 7 2 1
S01994 0 0 0 0 0 0 0 4 11 1 1
S01361 1 0 0 0 0 0 0 4 11 1 1
S01981 0 0 0 0 0 0 0 4 11 1 1
S01795 0 0 0 0 0 0 0 4 11 1 1
S01021 0 0 0 0 0 0 0 4 11 1 1
S01334 1 0 0 0 0 0 0 4 11 1 1
S01478 0 0 0 0 0 0 0 4 11 1 1
S00261 0 1 0 0 0 0 0 4 11 1 1
S01389 0 1 0 0 1 0 1 4 11 1 2
S01026 0 0 0 0 0 0 0 4 11 1 1
S01343 0 1 0 0 1 0 0 4 11 1 3
S00576 0 0 0 0 1 0 0 4 11 1 3
S01420 0 1 0 0 1 0 1 4 11 1 3
S00086 0 0 0 0 1 0 1 4 11 1 3
S00246 0 0 0 0 1 0 0 4 11 1 3
S00089 0 0 0 0 1 0 1 4 11 1 3
S01183 0 0 0 0 0 0 1 4 11 1 1
S01022 0 0 0 0 0 0 0 4 11 1 1
S00613 0 0 0 0 0 0 0 4 11 1 1
S01142 0 0 0 0 0 1 0 4 11 1 1
S00170 0 0 0 0 0 0 0 4 11 1 1
S00266 0 0 0 0 1 0 0 4 11 1 4
S00192 0 0 0 0 1 0 0 4 11 2 4
S01999 0 0 0 0 1 0 0 4 11 1 4
S01897 0 0 0 0 1 0 1 4 11 1 4
S00101 1 0 0 0 1 0 0 4 11 1 4
S01989 0 0 0 0 1 0 0 4 11 1 4
S01491 0 0 0 0 1 0 0 4 11 1 4
S01258 0 0 0 0 1 0 1 4 11 1 4
S01468 0 0 0 0 0 0 0 4 11 1 1
S01480 0 0 0 0 0 0 0 4 11 1 1
S01875 0 0 0 0 0 0 0 4 11 1 2
S00528 0 0 0 0 0 0 1 4 11 1 2
S01356 1 1 0 0 0 0 0 4 11 1 2
S01129 1 0 0 1 0 1 0 4 11 1 1
S02005 0 0 0 0 0 0 0 4 11 1 3
S01441 0 0 0 0 0 0 1 4 11 1 1
S00616 0 0 0 1 0 0 0 4 11 1 3
S00125 0 0 0 0 0 0 0 4 11 1 1
S01556 0 0 0 0 0 0 0 4 11 1 1
S00863 0 0 0 0 1 0 0 4 11 1 1
S01013 0 0 0 0 1 0 0 4 11 1 1
S00882 0 1 0 0 1 0 0 4 11 1 1
S00908 0 0 0 0 1 0 0 4 11 1 1
S00288 0 0 0 0 1 0 0 4 11 1 1
S00187 0 0 0 0 1 0 0 4 11 1 2
S00347 0 0 0 0 1 0 0 4 11 1 1
S01362 0 0 0 0 1 0 0 4 11 1 1
S00332 0 1 0 0 1 0 0 4 11 1 2
S01552 0 0 0 0 1 0 0 4 11 2 1
S01790 0 1 0 0 1 0 0 4 11 1 2
S00296 0 0 0 0 1 0 0 4 11 1 2
S01519 0 0 0 0 1 0 0 4 11 1 1
S01650 0 1 0 0 1 0 0 4 11 1 2
S01843 0 0 0 1 1 0 0 4 11 1 2
S01029 0 1 0 0 1 0 0 4 11 1 1
S01509 0 0 0 0 1 0 0 4 11 1 1
S00715 0 1 0 0 1 0 0 4 11 1 1
S01326 0 1 0 0 1 0 0 4 11 1 1
S00667 1 0 0 0 1 0 0 4 11 1 1
S01254 0 0 0 0 1 0 0 4 11 1 1
S00108 0 1 0 0 0 0 0 4 11 1 1
S00382 0 0 0 0 0 0 0 4 11 1 1
S01578 0 0 0 0 0 0 0 4 11 1 1
S00420 0 0 0 0 0 0 0 4 11 1 1
S01892 0 1 0 0 1 0 0 4 11 1 1
S01157 0 1 0 0 1 0 0 4 11 1 1
S01103 0 0 0 0 0 1 0 5 11 1 1
S00348 0 1 0 0 1 0 0 5 11 1 1
S01976 0 0 0 0 0 0 0 5 11 1 1
S00691 0 0 0 0 0 0 1 5 11 1 1
S01845 0 0 0 0 1 0 1 5 11 1 1
S01612 0 1 0 0 0 0 0 5 11 1 1
S00842 0 0 0 1 0 0 0 5 11 1 1
S00621 0 0 0 0 0 0 0 5 11 1 1
S00639 0 1 0 0 1 0 0 5 11 1 1
S01452 0 1 0 0 1 0 0 5 11 1 1
S01200 0 1 0 1 1 0 0 5 11 1 1
S01134 0 1 0 0 1 0 0 5 11 1 1
S00749 0 1 0 0 0 0 0 9 11 1 3
S01842 1 1 0 0 0 0 0 9 1 1 2
S01351 0 0 0 0 0 0 0 9 11 1 3
S01946 0 1 0 0 0 0 0 9 11 1 3
S00670 0 0 0 0 0 0 0 9 11 1 3
S00730 0 1 0 0 1 0 1 9 1 1 3
S00589 0 1 0 0 1 0 0 9 1 1 3
S01561 0 0 0 0 1 0 0 9 1 1 3
S01546 0 0 0 0 0 0 0 9 11 1 3
S00873 0 1 0 0 0 0 0 9 1 1 3
S00004 0 1 0 0 0 0 0 9 1 1 2
S00310 0 1 0 0 0 0 0 9 1 1 2
S01707 0 1 0 0 1 0 0 9 1 1 3
S01910 0 1 0 0 0 0 0 9 1 1 2
S02011 0 1 0 0 0 0 0 9 11 1 3
S00886 0 0 0 0 0 0 1 9 11 1 3
S00644 0 0 0 0 0 0 0 9 1 1 1
S01035 0 0 0 0 0 0 0 9 1 1 2
S01427 0 0 0 0 0 1 0 9 1 1 2
S01926 0 1 0 0 0 0 0 9 1 1 1
S00694 0 0 0 0 0 0 0 9 1 1 1
S00158 0 0 0 0 0 0 0 9 1 1 3
S00393 0 0 0 0 0 0 0 9 1 1 3
S00753 0 0 0 0 0 0 0 9 1 1 3
S00234 0 1 1 0 0 0 0 9 11 1 3
S01232 0 1 0 0 0 0 0 9 11 1 3
S01113 0 1 0 0 0 0 0 9 11 1 3
S01421 0 1 0 0 0 0 0 9 11 1 3
S00141 0 0 0 0 0 0 0 9 11 1 3
S00038 0 1 0 0 0 0 0 9 11 1 3
S00275 0 0 0 0 0 0 0 9 11 1 3
S00975 0 0 0 0 0 0 0 9 11 1 3
S01204 0 0 0 0 0 0 0 9 1 1 3
S01609 0 0 0 0 0 0 0 9 1 1 3
S01522 0 0 0 0 0 0 0 9 1 1 3
S01580 0 0 0 0 0 0 1 9 11 1 1
S01879 0 0 0 0 0 0 0 9 11 1 1
S01065 0 0 0 0 1 0 0 9 1 1 2
S00897 0 0 0 0 0 0 0 9 1 1 1
S00451 0 0 0 0 0 0 0 9 1 1 1
S01105 0 0 0 0 0 0 0 9 1 1 1
S01943 0 0 0 0 0 0 0 9 1 1 1
S00881 0 0 0 0 0 0 0 9 1 1 1
S00045 0 0 0 1 0 0 0 9 1 1 1
S01288 0 0 0 0 0 0 0 9 11 1 1
S01733 0 0 0 0 1 0 1 9 11 1 1
S00603 0 0 0 0 0 0 0 9 11 1 1
S01993 0 0 0 0 0 0 0 9 11 1 1
S00858 0 0 0 0 0 0 0 9 1 1 1
S01705 0 0 0 0 0 0 0 9 11 1 1
S01758 0 1 0 0 0 0 0 9 11 1 1
S01158 0 0 0 0 0 0 0 9 11 1 1
S00455 0 1 0 0 0 0 0 9 1 1 1
S00338 0 0 0 0 1 0 1 9 1 1 2
S00689 0 0 0 0 0 0 0 9 11 1 1
S00406 0 0 0 0 0 0 0 9 1 1 3
S00605 0 0 0 0 0 0 0 9 1 1 1
S00779 0 0 0 0 0 0 0 9 1 1 1
S00477 0 0 0 0 0 0 0 9 1 1 1
S01686 0 1 0 0 0 0 0 9 1 1 1
S01751 0 0 0 0 0 0 0 9 1 1 1
S00758 0 0 0 0 0 0 0 9 1 1 1
S00954 0 1 0 0 0 0 0 9 1 2 1
S00546 0 0 0 0 0 0 0 9 11 1 1
S00852 0 0 0 0 1 0 0 9 1 1 2
S00165 0 0 0 0 0 0 0 9 1 1 3
S00677 0 0 0 0 0 0 0 9 1 1 3
S00315 0 1 0 0 0 0 0 9 1 1 3
S01979 0 0 0 0 0 0 0 9 11 1 3
S00846 0 1 0 0 0 0 0 9 1 1 1
S01268 0 0 0 0 0 0 0 9 1 1 3
S00115 0 0 0 0 0 1 0 9 1 1 1
S01054 0 1 0 0 0 0 0 9 1 1 2
S02000 0 1 0 0 1 0 0 9 1 1 2
S00887 0 0 0 0 0 0 0 9 1 1 1
S00776 0 0 0 0 0 0 0 9 11 1 3
S01166 0 0 0 0 1 0 0 9 11 1 3
S01055 0 0 0 0 1 0 0 9 11 1 1
S00803 0 1 0 0 0 0 0 9 11 1 1
S00699 0 0 0 0 0 0 0 9 11 1 3
S00008 0 0 0 0 0 0 0 9 11 1 3
S00006 0 0 0 0 0 0 0 9 1 1 1
S00081 0 0 0 0 0 0 1 9 1 1 1
S00734 0 0 0 0 0 0 0 9 1 1 1
S00878 0 1 0 1 0 0 0 9 1 1 1
S01637 0 1 0 1 0 0 0 9 1 1 1
S01654 0 0 0 0 0 0 0 9 11 1 3
S00557 0 1 0 0 0 0 0 9 11 1 3
S00127 0 0 0 0 0 0 0 9 1 1 1
S01345 0 1 0 0 0 0 0 9 1 1 1
S01821 0 0 0 0 0 0 0 9 1 1 1
S01799 0 0 0 1 0 0 0 9 1 1 1
S01502 0 0 0 0 0 0 0 9 1 1 2
S00940 1 1 0 0 0 0 0 16 1 2 2
S01366 1 0 0 0 0 0 0 16 1 1 1
S01523 0 1 0 0 0 0 0 16 1 1 2
S00442 0 0 0 0 0 0 0 16 1 1 1
S00645 0 0 0 0 0 0 0 16 1 1 3
S01584 0 0 0 0 0 0 0 16 1 1 3
S01684 0 1 0 0 1 0 0 16 1 1 2
S00511 0 0 0 0 0 0 0 16 2 1 1
S01196 0 0 0 0 0 0 0 16 1 1 3
S01078 0 0 0 0 0 0 0 16 1 1 3
S00532 0 0 0 0 0 0 0 16 1 1 3
S00527 0 0 0 0 0 0 0 16 1 1 3
S01368 1 0 0 0 0 0 0 16 1 1 3
S01729 0 0 0 0 0 0 0 16 1 1 3
S00530 0 1 0 0 0 0 0 16 1 2 3
S00401 0 0 0 0 0 0 0 16 1 1 3
S01847 0 0 0 0 0 0 0 16 2 1 2
S00796 0 0 0 0 0 0 1 16 2 1 2
S00747 0 0 0 0 0 0 0 16 2 1 2
S00111 1 1 0 1 1 0 0 16 2 1 1
S01504 0 0 0 0 0 0 0 16 1 1 1
S00825 0 0 0 0 0 0 0 16 1 2 1
S00421 0 1 0 0 0 0 1 16 1 1 1
S00424 0 0 0 0 0 0 0 16 2 1 1
S00185 0 1 0 0 0 0 0 16 2 1 1
S01467 0 1 0 0 0 0 0 16 2 1 1
S01777 0 0 0 0 0 0 0 16 2 1 2
S01101 0 0 0 0 0 0 0 16 2 1 1
S00475 0 1 0 0 0 0 0 16 1 1 1
S00637 0 1 0 0 0 0 0 16 2 1 1
S01095 0 0 0 0 0 0 1 16 2 1 1
S01868 0 0 0 0 0 0 0 16 2 1 1
S01272 0 0 0 0 0 0 0 16 2 1 1
S00515 0 0 0 0 0 0 0 16 2 1 1
S01189 1 0 0 0 1 0 1 3 9 1 1
S00013 1 0 0 0 1 0 0 3 9 1 1
S00945 0 0 0 0 0 0 1 3 9 1 1
S00018 0 0 0 0 0 0 1 3 11 2 1
S01181 0 0 0 1 1 0 1 3 11 1 1
S01765 0 0 0 0 1 0 1 3 9 1 1
S01107 1 0 0 0 0 0 1 3 9 1 1
S01602 1 0 0 0 1 1 0 3 9 1 1
S00766 1 0 0 0 1 1 1 3 9 1 1
S00376 1 0 0 0 0 0 0 3 9 1 1
S00902 1 0 0 0 0 0 1 3 9 1 1
S00565 0 0 0 0 0 0 0 3 9 1 1
S00065 0 0 0 0 0 0 0 3 9 1 1
S01456 1 0 0 0 0 0 0 3 9 1 1
S00760 0 0 0 0 0 0 0 3 9 1 1
S01779 1 0 0 0 0 1 1 3 9 1 1
S01840 0 0 0 0 1 1 1 3 9 1 1
S01063 1 0 0 0 1 0 1 3 9 1 1
S01256 0 0 0 0 1 0 0 3 9 1 1
S00109 1 0 0 0 1 0 0 3 9 1 1
S00107 0 0 0 0 1 1 0 3 9 1 1
S01151 0 0 0 0 1 1 0 3 9 1 1
S00388 0 0 0 0 1 0 0 3 9 1 1
S00996 0 0 0 0 1 0 0 3 9 1 1
S01471 0 0 0 0 1 0 1 3 9 1 1
S01739 0 0 0 0 1 0 0 3 9 1 1
S00620 0 0 0 0 0 0 0 3 9 1 1
S01346 0 0 0 0 1 0 0 3 9 1 1
S01942 0 0 0 0 1 1 0 3 9 1 1
S01903 0 0 0 0 1 0 1 3 9 1 1
S00085 0 0 0 0 1 0 0 3 9 1 1
S00923 1 0 0 0 1 0 0 3 9 1 1
S01869 1 0 0 0 1 0 0 3 11 1 1
S00118 0 0 0 0 1 0 1 3 9 1 1
S01760 1 0 0 0 0 0 0 3 9 1 1
S00957 0 0 0 0 1 0 0 3 11 1 1
S00673 0 0 0 0 1 0 1 3 9 1 1
S00815 0 0 0 0 0 1 1 3 9 1 1
S01298 0 0 0 1 0 0 1 3 11 1 1
S01516 0 0 0 0 0 0 0 3 9 1 2
S00592 0 0 0 0 1 0 1 3 9 1 2
S00674 0 0 0 0 1 0 1 3 9 1 2
S00422 0 0 0 0 1 0 0 3 9 1 2
S00792 0 0 0 0 1 0 0 3 9 1 1
S00423 0 1 0 0 0 0 0 3 9 1 1
S01210 0 0 0 0 1 1 0 3 9 1 1
S00534 1 0 0 0 0 0 1 3 9 1 1
S00306 0 0 0 0 0 0 0 3 9 1 1
S00416 0 0 0 0 1 1 0 3 9 1 1
S01313 0 0 0 0 1 0 0 3 9 1 1
S01000 0 0 0 0 1 0 0 3 9 1 1
S01537 0 0 0 0 1 0 1 3 9 1 1
S01198 0 0 0 0 1 0 1 3 9 1 1
S01371 0 0 0 0 1 1 0 3 9 1 1
S00091 0 0 0 0 0 0 0 15 10 1 1
S01223 0 0 0 0 0 0 0 15 10 1 1
S00526 0 0 0 0 1 0 0 15 10 1 1
S00136 0 0 0 0 1 0 0 15 10 1 1
S00632 0 0 0 0 0 0 1 15 10 1 1
S01123 0 0 0 0 1 0 1 15 10 1 1
S01667 0 0 1 1 1 0 0 15 10 1 1
S01367 0 0 0 0 0 0 0 15 10 1 1
S00781 0 0 0 0 0 0 0 15 10 1 1
S01957 0 0 0 0 0 0 0 15 10 1 1
S00445 0 0 0 0 0 0 0 15 10 1 1
S00876 0 0 0 0 0 0 0 15 10 1 1
S00719 0 1 0 0 1 0 0 15 10 1 1
S01889 0 0 0 0 0 0 0 15 10 1 1
S00850 0 1 0 0 0 0 1 15 10 1 1
S00939 0 0 0 0 1 0 0 15 10 1 1
S01635 0 1 0 0 1 0 0 15 10 1 1
S01960 0 0 0 0 0 0 0 15 10 1 1
S01540 0 0 0 0 0 0 1 15 10 1 1
S00176 0 0 0 0 0 0 0 15 10 1 1
S00979 0 0 0 0 0 0 0 15 10 1 1
S00080 0 0 0 0 0 0 1 15 10 1 1
S01864 0 0 0 0 0 0 0 15 10 1 1
S01410 0 0 0 0 0 0 0 15 10 1 1
S00449 0 0 0 0 1 0 0 15 10 1 1
S01882 0 0 0 0 0 0 0 15 10 1 1
S00491 0 0 0 0 0 0 0 15 10 1 1
S00964 0 0 0 0 0 0 1 15 10 1 1
S01037 0 0 0 0 0 0 1 15 10 1 1
S01169 0 1 0 0 1 0 0 15 9 1 1
S01140 0 0 0 0 1 0 0 15 9 1 1
S00518 0 0 0 0 1 0 0 15 9 1 1
S00299 0 0 0 0 0 0 0 15 9 1 1
S01387 0 0 0 0 1 0 0 15 9 1 1
S01515 0 0 0 0 1 0 0 15 9 1 1
S01921 0 0 0 0 1 0 0 15 9 1 1
S01227 1 0 0 0 0 0 1 15 9 1 1
S01968 0 0 0 0 0 0 0 15 9 1 1
S00067 0 0 0 0 0 0 0 15 9 1 1
S01431 0 0 0 0 0 0 0 15 11 1 1
S01953 0 0 0 0 0 0 0 15 11 1 1
S01117 0 0 0 0 0 0 0 15 10 1 1
S00594 0 0 0 0 0 0 0 15 10 1 1
S00323 1 0 0 0 0 0 0 15 11 1 1
S01428 1 0 0 0 0 0 0 15 11 1 1
S00100 0 0 0 0 0 0 0 15 10 1 1
S00981 0 0 0 0 0 0 0 15 11 1 1
S00208 0 1 0 0 1 0 0 15 11 1 1
S00582 0 0 0 0 0 0 0 15 10 1 1
S01292 0 0 0 0 0 1 1 15 10 1 1
S00826 1 0 0 0 0 0 0 15 10 1 1
S01525 0 0 0 0 0 0 1 15 10 1 1
S00701 0 0 0 0 0 0 1 15 10 1 1
S00647 1 0 0 0 1 0 0 15 10 1 1
S01161 0 0 0 1 0 0 0 15 10 1 1
S00484 1 0 0 0 0 0 0 15 10 1 1
S01316 0 0 0 1 0 0 0 15 10 1 1
S01290 0 0 0 0 0 0 0 15 10 1 1
S01481 0 0 0 0 0 0 0 15 10 1 1
S01289 0 1 0 0 0 0 0 15 10 1 1
S01220 0 0 0 0 1 0 1 15 10 1 1
S00154 1 0 0 0 0 1 1 15 10 2 1
S01891 0 0 0 0 0 0 0 15 10 1 1
S00174 1 0 0 0 0 0 0 15 10 1 1
S00933 0 0 0 0 0 0 1 15 10 1 1
S00014 0 0 0 0 0 0 1 15 10 1 1
S01574 0 0 0 0 1 0 0 15 11 1 1
S01011 0 0 0 0 1 0 0 15 10 1 1
S01059 0 0 0 0 1 0 0 15 11 1 1
S01924 1 0 0 0 1 1 1 15 11 1 1
S01338 0 0 0 0 0 0 1 15 10 1 1
S01385 0 0 0 0 0 0 0 15 10 1 1
S00399 1 0 0 0 0 0 0 15 10 1 1
S01877 0 0 0 0 0 0 0 15 10 1 1
S01046 0 0 0 0 0 0 0 15 11 1 1
S01215 0 0 0 0 1 0 0 15 10 1 1
S01433 0 0 0 0 0 0 0 15 11 1 1
S00040 0 0 0 0 0 0 1 15 11 1 1
S01935 0 0 0 0 1 0 0 15 10 1 1
S00686 0 0 1 0 1 0 1 15 10 1 1
S00687 0 0 0 0 0 0 1 15 10 1 1
S01329 0 0 0 0 1 0 1 15 10 1 1
S00048 0 0 1 0 0 0 0 15 10 1 1
S01545 0 0 0 0 1 0 0 15 10 1 1
S01818 0 0 0 0 1 0 1 15 10 1 1
S00465 0 0 0 0 0 0 0 15 10 1 1
S01967 0 0 0 0 1 0 0 15 10 1 1
S00488 0 0 0 0 1 0 0 15 10 1 1
S00851 0 0 0 0 0 0 0 15 10 1 1
S01064 0 0 0 0 0 0 1 15 9 1 1
S01294 0 0 0 0 0 0 0 15 9 1 1
S00516 0 0 0 0 0 0 0 15 9 1 1
S01143 0 0 0 0 0 0 0 15 9 1 1
S01543 0 0 0 0 1 0 0 15 9 1 1
S00889 0 0 0 0 1 0 0 15 9 1 1
S00400 0 0 0 0 1 0 1 15 9 1 1
S00267 0 0 0 0 0 0 1 15 9 1 1
S00570 0 0 0 0 1 0 0 15 10 1 1
S00685 0 0 0 0 0 0 0 15 11 1 1
S00034 0 0 0 0 1 0 1 15 11 1 1
S00949 0 0 0 0 0 0 0 15 11 1 1
S00755 0 0 0 0 0 0 0 15 11 1 1
S01660 0 0 0 0 0 0 0 15 11 1 1
S00363 0 0 0 0 0 0 0 15 11 1 1
S01600 0 0 0 0 1 0 0 15 11 1 1
S00134 1 0 0 0 0 0 0 15 11 1 1
S00972 0 0 0 0 0 0 1 15 11 1 1
S00356 0 0 0 0 1 0 0 15 10 1 1
S00912 0 0 0 0 1 0 0 15 11 1 1
S00027 0 0 0 0 0 0 0 15 11 1 1
S01173 0 0 0 0 0 0 0 15 11 1 1
S00965 0 0 0 0 0 0 0 15 11 1 1
S00280 0 0 0 0 1 0 0 15 9 1 1
S00375 0 0 0 0 0 0 0 15 9 1 1
S01401 0 0 0 0 1 0 0 15 9 1 1
S00538 0 0 0 0 0 0 0 15 9 1 1
S01394 0 0 0 0 0 0 0 15 9 1 1
S00404 0 0 0 0 0 0 1 15 9 1 1
S01631 0 0 0 0 1 0 0 15 9 1 1
S00716 0 0 0 0 0 0 0 15 9 1 1
S00640 0 0 0 0 1 0 1 15 9 1 1
S01251 0 0 0 0 1 0 0 15 9 1 1
S01896 0 0 0 0 1 0 1 15 9 1 1
S01936 0 0 0 0 1 0 0 15 9 1 1
S01663 1 1 0 0 0 0 0 15 11 1 1
S01060 0 0 0 0 0 0 0 15 9 1 1
S01669 0 0 0 0 0 0 0 15 9 1 1
S01133 0 0 0 0 0 0 0 15 9 1 1
S00986 0 0 0 0 0 0 0 15 9 1 1
S01335 0 0 0 0 0 0 0 15 9 1 1
S00723 0 1 0 0 1 0 0 15 9 1 1
S00211 0 0 0 0 0 0 0 15 9 1 1
S00660 0 0 0 0 0 0 0 15 9 1 1
S00472 0 1 0 0 0 0 0 15 9 1 1
S01832 0 0 0 0 0 0 1 15 9 1 1
S01562 0 0 0 0 0 0 1 15 9 1 1
S01852 0 0 0 0 1 0 0 15 9 1 1
S00636 0 0 0 0 1 0 0 15 9 1 1
S01397 1 0 0 0 0 0 0 15 11 1 1
S00854 0 0 0 0 0 0 0 15 11 1 1
S01753 0 0 0 0 0 0 0 15 11 1 1
S01746 0 0 0 0 0 0 0 15 11 1 1
S00103 0 1 0 0 0 0 0 15 11 1 1
S00256 0 0 0 0 0 1 1 15 11 1 1
S01350 0 0 0 0 1 0 0 15 11 1 1
S00390 0 0 0 0 0 0 0 15 11 1 1
S00083 0 0 0 0 0 0 1 15 11 1 1
S01236 0 0 0 1 0 0 0 15 10 1 1
S01841 0 0 0 0 0 0 0 15 10 1 1
S01091 0 0 0 0 0 0 0 15 10 1 1
S01555 0 0 0 0 0 0 0 15 10 1 1
S01416 0 0 0 1 0 0 0 15 10 1 1
S00524 0 0 0 0 0 0 1 15 10 1 1
S01618 0 0 0 0 0 0 0 15 10 1 1
S00549 1 0 0 1 0 0 1 15 10 1 1
S01141 0 0 0 0 0 0 0 15 10 1 1
S00610 1 0 0 0 0 0 0 15 10 1 1
S01596 0 0 0 0 0 0 0 15 10 1 1
S00821 1 0 0 0 1 0 0 15 11 1 1
S00612 0 0 0 0 0 0 1 15 11 1 1
S01124 0 0 0 1 0 0 0 15 11 1 1
S00326 0 0 0 0 0 0 1 15 11 1 1
S01988 1 0 0 0 1 0 0 15 11 1 1
S00857 0 0 0 0 0 0 0 15 11 1 1
S00993 0 0 0 0 0 0 0 15 11 1 1
S00615 0 0 0 0 0 0 0 15 11 1 1
S01240 0 0 0 0 0 0 1 15 11 1 1
S00485 0 0 0 0 0 0 0 15 11 1 1
S00203 0 0 0 0 0 0 0 15 11 1 1
S01915 0 0 0 0 0 0 0 15 11 1 1
S00794 0 0 1 0 0 0 0 15 11 1 1
S00253 0 0 0 0 0 0 1 15 11 1 1
S01094 0 0 0 0 0 0 0 15 11 1 1
S00834 0 0 0 0 0 0 0 15 11 1 1
S01176 0 0 0 0 0 0 0 15 11 1 1
S00805 0 0 0 0 1 0 0 15 11 1 1
S01771 0 0 0 0 0 0 1 15 11 1 1
S00411 1 0 0 0 0 0 0 15 11 1 1
S00215 0 0 0 0 0 0 1 15 11 1 1
S01606 0 0 1 0 1 0 0 15 11 1 1
S01099 0 0 0 0 0 0 0 15 11 1 1
S00444 0 0 0 0 0 1 0 15 11 1 1
S01548 0 0 0 0 0 1 1 15 11 2 1
S00905 1 0 0 0 0 0 0 15 11 1 1
S01687 0 0 0 0 0 0 0 15 11 1 1
S00443 0 0 1 0 0 0 0 15 11 1 1
S00383 0 0 0 0 0 0 0 15 11 1 1
S01111 0 0 0 0 0 0 0 15 11 1 1
S01382 0 0 0 0 0 0 0 15 11 1 1
S01085 0 0 0 0 1 0 0 15 9 1 1
S00611 0 0 0 0 0 0 1 15 9 1 1
S01848 0 0 0 0 1 0 0 15 9 1 1
S01061 0 0 0 0 1 0 0 15 9 1 1
S02002 0 0 0 0 0 0 0 15 9 1 1
S01263 0 0 0 0 0 0 0 15 9 1 1
S00458 0 0 0 0 0 0 1 15 9 1 1
S01803 0 0 0 0 0 0 1 15 9 1 1
S00874 0 0 0 0 0 0 0 15 9 1 1
S00817 0 0 0 0 1 0 0 15 9 1 1
S01672 0 0 0 0 0 0 1 15 9 1 1
S00508 0 0 0 0 0 0 0 15 9 1 1
S00269 0 0 0 0 0 0 0 15 9 1 1
S01920 0 0 0 0 0 0 0 15 9 1 1
S00795 0 0 0 0 1 0 0 15 9 1 1
S01125 0 0 0 0 1 0 0 15 9 1 1
S00788 0 0 0 0 1 0 0 15 9 1 1
S01579 0 0 0 1 0 0 0 15 9 1 1
S01679 0 0 0 0 0 0 0 20 9 1 1
S01187 0 0 0 0 0 0 0 20 9 1 1
S01197 0 0 0 0 0 0 0 20 9 1 1
S00782 0 0 0 0 0 0 1 20 9 1 1
S01636 NA 0 0 0 0 0 0 20 10 1 1
S01323 0 0 0 0 0 0 0 20 10 1 1
S01287 0 0 0 0 0 0 0 20 9 1 1
S01076 0 0 0 0 0 0 1 20 9 1 1
S00459 0 0 0 0 0 0 0 20 9 1 1
S00754 0 0 0 0 0 0 0 20 9 1 1
S00732 0 0 0 0 0 0 0 20 9 1 1
S01692 0 0 0 0 0 1 0 20 9 1 1
S01605 0 0 0 0 0 0 1 20 9 1 1
S01822 0 0 0 0 0 0 0 20 9 1 1
S01121 0 0 0 0 0 0 0 20 9 1 1
S01267 0 0 0 0 0 0 0 20 9 1 1
S01135 0 0 0 0 0 0 0 20 9 1 1
S00798 0 0 0 0 0 0 0 20 9 1 1
S01557 0 0 0 0 0 0 0 20 9 1 2
S00588 0 0 0 0 0 0 0 20 10 1 1
S01393 0 0 0 0 0 0 0 20 10 1 1
S00119 0 0 0 0 0 0 0 20 10 1 1
S01505 0 0 0 0 0 0 0 20 10 1 1
S01550 0 0 0 0 0 0 0 20 10 1 1
S00172 0 0 0 0 0 0 0 20 10 1 1
S00973 0 0 0 0 0 0 0 20 10 1 1
S00025 0 1 0 0 0 0 0 20 10 1 1
S00948 0 1 0 0 0 0 0 20 10 1 1
S01767 0 0 0 0 0 0 0 20 10 1 1
S00339 0 0 0 0 0 0 1 20 10 1 1
S01510 0 0 0 0 0 0 0 20 10 1 1
S01744 0 0 0 0 1 0 0 20 10 1 1
S01775 0 0 0 0 0 0 0 20 10 1 1
S00144 0 0 0 0 0 0 1 20 10 1 1
S00709 0 0 0 0 0 0 0 20 10 1 1
S01980 0 0 0 0 0 0 0 20 10 1 1
S00550 0 0 0 0 0 0 0 20 9 1 1
S01056 0 0 0 0 1 0 0 20 10 1 1
S01459 0 0 0 0 0 0 1 20 10 1 1
S00493 0 0 0 0 0 0 0 20 10 1 1
S00913 0 0 0 0 0 0 1 20 10 1 1
S00757 0 0 0 0 0 0 0 20 10 1 1
S00140 0 1 0 0 0 0 0 20 10 1 1
S00233 0 0 0 0 0 0 0 20 10 1 1
S01567 0 0 0 0 0 0 0 22 10 1 1
S01419 0 0 0 0 0 0 0 22 9 1 2
S01358 0 0 0 0 0 0 0 22 10 1 1
S01839 0 0 0 0 0 0 0 22 10 1 1
S00763 0 0 0 0 0 0 0 22 10 1 1
S01671 0 0 0 0 0 0 0 22 10 1 1
S01273 0 0 0 0 0 0 1 22 10 1 1
S01657 0 0 0 0 1 0 0 22 10 1 1
S01025 0 0 0 0 0 0 0 22 10 1 1
S01127 1 0 0 0 0 0 0 22 10 1 1
S00820 0 1 0 0 1 1 1 22 10 1 1
S00574 0 0 0 0 0 0 0 22 10 1 1
S01501 0 0 0 0 0 0 0 22 9 1 1
S00646 0 1 0 0 1 0 1 22 11 1 3
S01159 1 0 0 0 0 0 1 22 9 1 1
S00369 0 0 0 0 0 0 0 22 9 1 1
S00092 1 0 0 0 0 0 0 22 9 1 1
S01796 0 0 0 0 0 0 0 22 9 1 1
S00205 0 0 0 0 1 0 0 22 9 1 1
S01998 0 0 0 0 0 0 1 22 9 1 1
S00919 0 0 0 0 0 0 0 22 9 1 1
S01595 0 0 0 0 0 0 0 22 9 1 1
S01589 1 0 0 0 0 1 0 22 9 1 1
S00643 0 1 0 0 1 0 0 22 9 1 1
S01498 0 0 0 0 1 0 0 22 11 1 1
S01138 0 0 0 0 1 0 0 22 11 1 1
S01088 1 0 0 0 0 0 0 22 10 1 1
S01185 0 0 0 0 0 0 1 22 9 1 1
S01409 1 0 0 0 0 0 0 22 9 1 1
S01110 0 0 0 0 1 0 0 22 10 1 1
S00177 0 0 0 0 0 0 1 22 11 1 1
S01693 0 0 0 0 0 0 0 22 9 1 1
S01927 0 0 0 0 0 0 0 22 11 1 1
S01205 0 0 0 0 0 0 0 22 10 1 1
S01583 0 0 0 0 1 0 0 22 10 1 1
S01165 0 0 0 0 0 0 0 22 10 1 1
S00563 0 0 0 0 0 0 0 22 11 1 2
S01850 1 0 0 0 1 0 1 22 10 1 1
S00324 1 0 0 0 1 0 1 22 9 1 1
S00359 0 0 0 0 0 0 1 22 9 1 1
S00604 0 0 0 0 0 0 0 22 9 1 1
S01404 0 0 0 0 0 0 1 22 9 1 1
S00262 0 0 0 0 0 0 1 22 11 1 1
S00866 0 0 0 0 1 0 1 22 11 1 1
S00224 1 0 0 0 0 0 0 22 9 1 1
S01837 0 0 0 0 0 0 0 22 11 1 1
S01698 1 0 0 0 1 0 1 22 9 1 1
S01711 0 0 0 0 0 0 0 22 9 1 1
S00082 0 0 0 0 0 0 0 22 9 1 2
S01295 0 0 0 0 1 0 1 22 9 1 1
S01925 0 1 1 0 1 0 1 22 10 1 1
S01069 0 0 0 0 1 0 0 22 10 1 1
S01242 0 0 0 0 1 0 0 22 10 1 1
S01652 0 0 0 0 1 0 0 22 10 1 1
S00094 0 0 0 0 1 0 0 22 10 1 1
S01492 0 0 0 0 1 0 0 22 10 1 1
S00270 0 0 0 0 1 0 0 22 10 1 1
S01311 0 0 0 0 1 0 1 22 9 1 2
S01040 0 1 0 0 1 0 0 22 10 1 1
S01656 0 0 0 0 1 0 0 22 10 1 1
S01342 0 0 0 0 1 0 0 22 10 1 1
S01050 0 0 1 0 0 0 0 22 10 1 1
S01400 0 0 0 0 0 0 0 22 10 1 1
S00727 0 0 0 0 1 0 1 22 9 1 1
S00020 0 0 0 0 0 0 0 22 9 1 1
S01918 0 0 0 0 1 1 0 22 9 1 1
S00049 0 0 0 0 0 0 0 22 9 1 1
S00551 0 0 0 0 1 0 1 22 10 1 1
S00838 0 0 0 0 1 0 0 22 9 1 2
S01212 0 0 1 0 1 0 0 22 10 1 1
S00207 0 0 0 0 1 0 0 22 10 1 1
S01425 0 0 0 0 0 0 0 22 9 1 1
S01230 0 0 0 0 1 0 0 22 10 1 1
S00984 1 0 0 0 0 0 1 22 9 1 1
S00202 0 0 0 0 1 0 1 22 9 1 2
S01625 0 0 0 0 1 0 0 22 10 1 1
S00055 0 1 0 0 1 0 0 22 10 1 1
S01162 0 0 0 0 0 0 0 22 10 1 1
S01455 0 0 0 0 1 0 1 22 9 1 1
S01685 0 0 0 0 1 0 0 22 9 1 2
S00226 0 0 0 0 1 1 1 22 10 1 1
S01963 0 0 0 0 1 0 1 22 10 1 1
S01681 0 0 0 0 1 1 1 22 10 1 1
S00720 0 0 0 0 1 0 0 22 9 1 1
S00287 0 0 0 0 1 0 0 22 9 1 1
S00351 0 0 0 0 1 0 1 22 9 1 1
S00896 0 0 0 0 0 0 1 22 9 1 1
S01034 0 0 0 0 0 0 1 11 9 1 1
S00853 0 0 0 0 0 0 0 11 9 1 1
S00566 0 0 0 0 0 0 0 11 9 1 1
S01929 0 0 0 0 0 1 0 11 9 1 2
S01881 0 0 0 0 0 1 0 11 9 1 2
S00696 0 0 0 0 0 0 0 11 9 1 2
S00051 0 0 0 0 0 0 0 11 9 1 2
S00093 0 0 0 0 0 0 1 11 9 1 2
S00378 1 0 0 0 0 0 1 11 9 1 1
S01934 0 0 0 0 0 0 1 11 9 1 1
S00969 0 0 0 0 1 0 0 11 9 1 1
S01405 0 0 0 0 1 1 0 11 9 1 1
S00343 0 0 0 0 0 0 0 11 9 1 2
S01641 0 0 0 0 0 0 1 11 9 1 1
S01808 0 0 0 0 0 0 0 11 9 1 1
S01231 0 0 0 0 0 0 0 11 9 1 1
S01880 0 0 0 0 0 0 0 12 9 1 2
S01568 0 0 0 0 0 0 0 12 9 1 1
S01415 0 0 0 0 0 0 0 12 9 1 2
S01348 0 0 0 0 1 0 1 12 9 1 1
S01317 0 0 0 0 1 0 0 12 9 1 1
S00536 0 0 0 0 0 0 1 12 9 1 1
S01793 0 0 0 0 0 0 0 12 9 1 1
S00856 0 0 0 0 0 0 0 12 9 1 1
S01460 0 0 0 0 0 0 0 12 9 1 1
S00810 0 0 NA 0 1 1 0 12 9 1 1
S01430 0 0 0 0 0 0 0 12 9 1 1
S00481 0 0 0 0 0 0 0 12 9 1 1
S01529 0 0 0 0 1 0 0 12 9 1 2
S00783 0 0 0 0 1 0 0 12 9 1 2
S00651 0 0 0 0 0 0 1 12 9 2 1
S00890 0 0 0 0 0 0 0 12 9 1 1
S00553 0 0 0 0 0 0 0 12 9 1 1
S00580 0 0 0 0 0 0 0 12 9 1 2
S00801 0 0 0 0 0 1 0 12 9 1 1
S00494 0 0 0 0 0 0 0 12 9 1 1
S01912 0 0 0 0 0 0 0 12 9 1 2
S01706 0 0 0 0 0 0 0 12 9 1 3
S00344 0 0 0 0 0 0 0 12 9 1 1
S01108 0 0 0 0 1 0 0 12 9 1 2
S01486 0 0 0 0 0 0 0 12 9 1 2
S01245 0 0 0 0 0 0 0 13 9 1 2
S00221 0 0 0 0 0 0 0 13 9 1 1
S01554 0 0 0 0 0 0 0 13 9 1 2
S00544 0 0 0 0 0 0 0 13 9 1 1
S01857 0 0 0 0 0 1 1 13 9 1 1
S00718 0 0 0 0 0 0 1 13 9 1 1
S00961 0 0 0 0 0 0 1 13 9 1 1
S01806 0 0 0 0 0 0 1 13 9 1 1
S01524 0 0 0 0 0 0 0 13 9 1 1
S01119 0 0 0 0 0 0 0 13 9 1 1
S00281 0 0 0 0 0 0 0 13 9 1 1
S00380 0 0 0 0 0 0 0 13 9 1 1
S00703 0 0 0 0 0 0 0 13 9 1 1
S01782 0 0 0 0 0 0 0 13 9 1 1
S00329 0 0 0 0 0 0 0 13 9 1 1
S01453 0 0 0 0 0 0 0 13 9 1 3
S00138 0 0 0 0 0 0 0 13 9 1 3
S00448 0 0 0 0 0 0 0 13 9 1 1
S01042 0 0 0 0 0 0 0 13 9 1 1
S01747 0 0 0 0 0 0 0 13 9 1 1
S01805 0 0 0 0 0 0 0 13 9 1 1
S01180 0 1 0 0 0 0 0 13 9 1 1
S01901 0 0 0 0 0 0 0 13 9 1 1
S00849 1 0 0 0 0 0 0 13 9 1 1
S01902 0 0 0 0 0 0 0 13 9 1 1
S00868 0 0 0 0 0 0 0 13 9 1 1
S00265 0 0 0 0 0 0 0 13 9 1 1
S01332 0 0 0 0 0 0 0 13 9 1 1
S00729 0 0 0 0 0 0 0 13 9 1 1
S01440 0 0 0 0 0 0 0 13 9 1 1
S00535 0 0 0 0 0 0 0 13 9 1 1
S00505 0 0 0 0 0 0 0 13 9 1 2
S01306 0 0 0 0 0 0 0 13 9 1 2
S00885 0 0 0 0 0 0 0 13 9 1 2
S01171 1 0 0 0 0 0 0 13 9 1 1
S01909 0 0 0 0 0 0 1 13 9 1 1
S01570 0 0 0 0 0 0 1 13 7 2 1
S01865 0 0 0 0 1 0 1 13 9 1 1
S00036 0 0 0 0 0 0 1 13 9 1 1
S00698 0 0 0 0 0 0 0 13 9 1 1
S01443 0 0 0 0 0 0 0 13 9 1 1
S01727 0 0 0 0 1 1 0 13 9 1 1
S01424 0 0 0 0 0 0 0 13 9 2 2
S00837 0 0 0 0 0 0 0 13 9 1 1
S01496 0 0 0 0 0 0 0 13 9 1 2
S01497 0 0 0 0 0 0 0 13 9 1 1
S00487 0 0 0 0 0 0 0 13 9 1 1
S01038 0 0 0 0 0 0 0 13 9 1 1
S01816 0 0 0 0 0 0 0 13 9 1 1
S00252 0 1 0 0 0 0 0 13 9 1 1
S01835 0 0 0 0 0 0 0 13 9 1 1
S00429 0 0 0 0 0 0 0 13 9 1 1
S00056 0 0 0 0 0 0 0 21 10 1 1
S00561 0 0 0 0 0 0 0 21 10 1 1
S01023 0 0 0 0 0 0 1 21 10 1 1
S00334 0 0 0 0 1 0 0 21 10 1 3
S00800 0 0 0 0 0 0 0 21 10 1 2
S01413 0 0 0 0 0 0 0 21 10 1 1
S00780 0 0 0 0 0 0 1 21 10 1 1
S00113 0 0 0 0 0 0 1 21 10 1 1
S01766 0 0 0 0 0 0 0 21 10 1 2
S00807 0 0 0 0 0 0 0 21 10 1 2
S00978 0 0 0 0 0 0 0 21 10 1 1
S00740 0 0 0 0 0 0 0 21 10 1 2
S00023 0 1 0 0 0 0 0 21 10 1 1
S00994 0 0 0 0 0 0 0 21 10 1 1
S01823 0 0 0 0 0 0 0 21 10 1 1
S00415 0 0 0 0 0 0 0 21 10 1 1
S00242 0 0 0 0 0 0 0 21 10 1 1
S01992 0 0 0 0 0 0 0 21 10 1 1
S00047 0 1 0 0 0 0 1 21 10 1 1
S00162 0 0 0 0 0 0 0 21 10 1 1
S00911 0 0 0 0 0 0 0 21 10 1 1
S01591 0 0 0 0 0 0 0 21 10 1 1
S00893 1 0 0 0 0 0 0 21 10 1 1
S00627 0 1 0 0 0 0 0 21 10 1 1
S01333 0 0 0 0 0 0 1 21 10 1 1
S00010 0 0 0 0 0 0 0 21 10 1 1
S00143 0 0 0 0 0 0 0 21 10 1 1
S00974 0 0 0 0 0 0 0 21 10 1 1
S01074 0 0 0 0 0 0 0 21 10 1 1
S00864 0 0 0 0 0 0 0 21 10 1 1
S00963 0 0 0 0 0 0 0 21 10 1 1
S00325 0 0 0 0 0 0 0 21 10 1 1
S01485 0 0 0 0 0 0 0 21 10 1 1
S00812 0 0 0 0 0 0 0 21 10 1 1
S00560 0 0 0 0 0 0 0 21 10 1 1
S00937 0 0 0 0 0 0 0 21 10 1 1
S00761 0 0 0 0 0 0 1 21 10 1 1
S01249 0 0 0 0 0 0 0 21 10 1 1
S00145 0 0 0 0 0 0 1 21 10 1 1
S01301 0 0 0 0 0 0 0 21 10 1 1
S01039 0 0 0 0 0 0 0 21 10 1 1
S00435 0 0 0 0 0 0 0 21 10 1 2
S00191 0 0 0 0 0 0 0 21 10 1 1
S00219 0 0 0 0 0 0 0 21 10 1 1
S00585 0 0 0 0 0 0 0 21 10 1 1
S01682 0 0 0 0 0 0 1 21 10 1 3
S01106 0 0 0 0 0 0 0 21 10 1 3
S00572 0 0 0 0 0 0 1 21 10 1 1
S00955 0 0 0 0 0 0 0 21 10 1 1
S01508 0 0 0 0 0 0 0 21 10 1 1
S00276 0 0 0 0 0 0 0 21 10 1 1
S01253 0 1 0 0 0 0 0 21 10 1 1
S00367 0 0 0 0 0 0 0 21 10 1 1
S01476 0 0 0 0 0 0 0 21 10 1 1
S00478 0 0 0 0 0 0 0 21 10 1 1
S00096 0 0 0 0 0 0 0 21 10 1 1
S00236 0 0 0 0 0 0 0 21 10 1 1
S01303 0 0 0 0 0 0 0 21 10 1 1
S01214 0 0 0 0 0 0 0 21 10 1 1
S00169 0 0 0 0 0 0 0 21 10 1 1
S00989 0 0 0 0 0 0 0 21 10 1 1
S01773 0 0 0 0 0 0 0 21 10 1 1
S01357 0 0 0 0 0 0 0 21 10 1 1
S01228 0 0 0 0 0 0 1 21 10 1 1
S00272 0 0 0 0 0 0 1 21 10 1 1
S00446 0 0 0 0 0 0 0 21 10 1 1
S01470 0 0 0 0 0 0 0 21 10 1 1
S01057 0 0 0 0 0 0 0 21 10 1 1
S00414 0 0 0 0 0 0 0 21 10 1 2
S01010 0 0 0 0 0 0 0 21 10 1 2
S00809 0 0 0 0 0 0 0 21 10 1 1
S00914 0 0 0 0 0 0 0 10 10 1 1
S00899 0 0 1 0 0 0 0 10 10 1 1
S00337 1 1 0 0 0 0 0 10 10 1 1
S00364 0 0 0 0 0 0 1 10 10 1 1
S01772 0 0 0 0 0 0 0 10 10 1 1
S01928 0 0 0 0 0 0 0 10 10 1 1
S01255 0 0 0 0 0 0 0 10 10 1 1
S01937 0 0 0 0 0 0 0 10 10 1 1
S00682 0 0 1 0 0 0 0 10 10 1 1
S01145 0 0 0 0 0 0 1 10 10 1 1
S00360 1 0 1 0 0 0 0 10 10 1 1
S01235 0 0 1 0 0 0 0 10 11 1 1
S00489 0 1 1 0 0 1 0 10 11 1 1
S00184 0 0 0 0 0 0 1 10 10 1 1
S01531 0 0 1 0 0 0 0 10 10 1 1
S01222 0 0 1 0 0 0 0 10 10 1 1
S01603 0 0 1 0 0 0 0 10 10 1 1
S01461 0 0 1 0 0 0 0 10 10 1 1
S00967 0 0 1 0 0 0 0 10 10 1 1
S01617 0 0 1 0 0 0 0 10 10 1 1
S00142 0 1 0 0 0 0 0 10 10 1 1
S01628 0 1 1 0 0 0 0 10 10 1 1
S00001 0 0 1 0 0 0 0 10 10 1 1
S00355 0 0 0 0 0 0 0 18 11 1 1
S00765 0 0 0 0 0 0 0 18 11 1 1
S00684 0 0 0 0 0 0 1 18 11 1 1
S01982 0 0 1 0 0 0 0 18 11 1 1
S01997 0 0 0 0 0 0 0 18 11 1 1
S01450 0 0 0 0 0 0 0 18 11 1 1
S00099 0 0 0 0 0 0 0 18 11 1 1
S00291 0 0 0 0 0 1 0 18 11 1 1
S00316 0 0 0 0 0 0 0 18 11 1 1
S01977 0 0 0 0 0 0 0 18 11 1 1
S01710 0 0 0 0 0 0 0 18 11 2 1
S00790 1 0 0 0 0 0 0 18 11 1 1
S01722 1 0 0 0 0 0 0 18 11 1 1
S02009 0 0 0 0 0 0 0 18 11 1 1
S00922 0 1 1 0 0 0 0 18 11 1 1
S00871 0 0 1 0 0 0 0 18 11 1 1
S00394 0 0 1 0 0 1 0 18 11 1 1
S01743 0 0 1 0 0 0 0 18 11 1 1
S00804 0 0 0 0 0 0 0 18 11 1 1
S01276 0 0 0 0 0 0 0 18 11 1 1
S01601 0 0 1 0 0 0 0 18 11 1 1
S01898 0 0 0 0 0 0 0 18 11 1 1
S00470 0 0 0 0 0 0 0 18 11 1 1
S01961 0 0 1 0 0 0 0 18 11 1 1
S01619 0 0 0 0 0 0 1 18 11 1 1
S01788 0 0 0 0 0 0 0 18 11 1 1
S01182 0 0 0 0 0 0 0 18 11 1 1
S01608 1 0 0 1 0 0 0 18 11 1 1
S01704 1 0 0 0 0 1 0 18 11 1 1
S01463 1 0 0 0 0 0 0 18 11 1 1
S02004 0 0 0 0 0 0 0 18 11 1 1
S01167 0 0 0 0 0 0 0 18 11 1 1
S01828 0 1 0 0 0 0 0 18 11 1 1
S00482 1 0 0 0 0 0 0 18 11 1 1
S01374 1 0 0 0 0 0 0 18 11 1 1
S01954 1 0 0 0 0 0 0 18 11 1 1
S00320 0 0 0 0 0 0 0 18 11 1 1
S00819 0 1 0 1 0 0 0 18 11 1 1
S00164 0 0 0 0 0 0 0 18 11 1 1
S00147 0 0 0 0 0 0 0 19 9 1 1
S01996 0 0 0 0 0 0 0 19 9 1 1
S00007 0 0 0 0 0 0 0 19 9 1 1
S01261 0 0 0 0 0 0 0 19 9 1 1
S00690 0 0 0 0 0 0 0 19 9 1 1
S00483 0 0 0 0 0 0 0 19 9 1 1
S00867 0 0 0 0 0 0 0 19 9 1 1
S00088 0 0 0 0 0 0 0 19 9 1 1
S01948 0 0 0 0 0 0 0 19 9 1 1
S01769 1 0 0 0 0 0 0 19 9 1 1
S01629 0 0 0 0 0 0 0 19 9 1 1
S00985 0 0 0 0 0 0 0 19 9 1 1
S01202 0 0 0 0 0 0 0 19 9 1 1
S01872 0 0 0 0 0 0 0 19 9 1 1
S01965 0 0 0 0 0 0 0 19 9 1 1
S00052 0 0 0 0 0 0 0 19 9 1 1
S00289 0 0 0 0 0 0 0 19 9 1 1
S00039 0 0 0 0 0 0 0 19 9 1 1
S00371 0 0 0 0 0 0 0 19 9 1 1
S00077 0 0 0 0 0 0 0 19 9 1 1
S00835 0 0 0 0 0 0 0 19 9 1 1
S00189 0 0 0 0 0 0 1 19 9 1 1
S01411 1 0 0 0 0 0 0 19 9 1 1
S00341 0 0 0 0 1 0 0 19 9 1 1
S00756 0 0 0 0 0 0 0 19 9 1 1
S01019 0 0 0 0 0 0 0 19 9 1 1
S00327 0 0 0 0 0 0 0 19 9 1 1
S00028 0 0 0 0 0 0 0 19 9 1 1
S00074 0 0 0 0 0 0 0 19 9 1 1
S01396 0 0 0 0 0 0 1 19 9 1 2
S01318 0 0 0 0 0 0 0 19 9 1 1
S01783 0 0 0 0 0 0 0 19 9 1 1
S01856 0 0 0 0 0 0 0 19 9 1 1
S00681 1 0 0 0 0 0 0 19 9 1 1
S01517 0 0 0 0 0 0 0 19 9 1 1
S00811 0 0 0 0 0 0 0 19 9 1 1
S00171 0 0 0 0 0 0 0 19 9 1 1
S01049 0 0 0 0 0 0 0 19 9 1 1
S01887 0 0 0 0 0 0 0 19 9 1 1
S01052 0 0 0 0 0 1 0 19 9 1 1
S00277 0 0 0 0 0 0 0 19 9 1 1
S00654 0 0 0 0 0 0 0 19 9 1 1
S00428 0 0 0 0 0 0 0 19 9 1 1
S01590 0 0 0 0 0 0 0 19 9 1 1
S00041 0 0 0 0 0 0 0 19 9 1 1
S00430 0 0 0 0 0 0 0 19 9 1 1
S00547 0 0 0 0 0 0 0 19 9 1 1
S00745 0 0 0 0 0 0 0 19 9 1 1
S00533 0 0 0 0 0 0 0 19 9 1 1
S01174 0 0 0 0 0 0 0 19 9 1 1
S01634 0 0 0 0 1 0 0 19 9 1 1
S00317 0 0 0 0 1 0 0 19 9 1 1
S01172 0 0 0 0 0 0 0 19 9 1 1
S01126 0 0 0 0 1 0 0 19 9 1 1
S00386 0 0 0 0 1 1 0 19 9 1 1
S00743 0 0 0 0 1 0 0 19 9 1 1
S01900 0 0 0 0 0 0 1 19 9 1 1
S01417 0 0 0 0 1 0 0 19 9 1 1
S00437 0 0 0 0 1 0 0 19 9 1 1
S01991 0 0 0 0 1 0 0 19 9 1 1
S01175 0 0 0 0 0 0 0 19 9 1 1
S01932 0 0 0 0 0 0 0 19 9 1 1
S00035 0 0 0 0 0 0 0 19 9 1 2
S00773 0 0 0 0 0 0 0 19 9 1 1
S01607 0 0 0 0 0 0 1 19 9 1 1
S01446 0 0 0 0 0 0 0 19 9 1 1
S01093 0 0 0 0 0 0 0 19 9 1 3
S00175 0 0 0 0 0 0 0 19 9 1 1
S01379 0 0 0 0 0 0 0 19 9 1 1
S01752 0 0 0 0 0 0 0 19 9 1 1
S01100 0 0 0 0 0 0 0 19 9 1 3
S00222 0 0 0 0 0 0 1 19 9 1 1
S01363 0 0 0 0 0 0 1 19 9 1 1
S01726 0 0 0 0 0 0 0 19 9 1 1
S01116 0 0 0 0 0 0 0 19 9 1 1
S00663 0 0 0 0 0 0 0 19 9 1 1
S01148 0 0 0 0 0 0 0 19 9 1 1
S01533 0 0 0 0 0 0 0 19 9 1 1
S01031 0 0 0 0 0 0 0 19 9 1 1
S01395 0 0 0 0 0 0 0 19 9 1 1
S01447 0 0 0 0 0 0 0 19 9 1 1
S00748 1 0 0 0 0 0 0 6 1 1 2
S01233 1 0 0 1 0 0 0 6 1 1 2
S01794 0 0 0 0 0 1 0 6 1 1 1
S00366 0 0 0 0 0 0 0 6 1 1 2
S01090 0 0 0 0 0 0 0 6 1 1 2
S00078 0 0 0 0 0 0 0 6 1 1 1
S00970 0 0 0 0 0 0 0 6 1 1 1
S00257 1 0 0 0 1 0 1 6 1 1 1
S01664 0 0 0 0 0 0 1 6 1 1 1
S01499 0 1 0 0 1 0 1 6 1 1 1
S00456 0 1 0 0 0 0 0 6 1 1 1
S01735 0 0 0 0 0 0 0 6 1 1 2
S00768 0 0 0 0 0 0 0 6 1 1 1
S01310 1 0 0 0 0 0 0 6 1 1 1
S01390 0 0 0 0 0 0 0 6 1 1 1
S01862 0 0 0 0 1 0 0 6 1 1 1
S00124 1 0 0 0 0 0 0 6 1 1 1
S00870 0 0 0 0 0 0 0 6 1 1 1
S01462 0 0 0 0 0 0 0 6 1 1 1
S01780 0 0 0 0 0 0 0 6 1 1 1
S00398 1 0 0 0 0 0 0 6 1 1 1
S01377 1 0 0 0 0 0 0 6 1 1 1
S00330 0 0 0 0 0 0 0 6 1 1 1
S01466 0 0 0 0 0 0 0 6 1 1 1
S00578 0 0 0 0 1 0 0 6 1 1 1
S01278 0 0 0 0 0 0 1 6 1 1 1
S00311 0 0 0 0 0 0 1 6 1 1 1
S01320 0 1 0 0 1 0 0 6 2 1 4
S01299 0 1 0 0 1 0 0 6 2 1 4
S00273 0 1 0 0 1 0 0 6 2 1 4
S01328 0 1 0 0 1 0 0 6 2 1 4
S01615 0 1 0 0 1 0 0 6 2 1 4
S01811 0 0 0 0 1 0 1 6 2 1 4
S01878 0 1 0 0 1 0 0 6 2 1 4
S01246 0 0 0 0 1 0 0 6 2 1 4
S01330 0 1 0 0 1 0 0 6 2 1 4
S01194 0 0 0 0 0 0 0 6 1 1 1
S00160 1 0 0 0 0 0 0 6 1 1 1
S00744 0 0 0 0 0 0 0 6 1 1 1
S01378 0 0 0 0 0 0 0 6 1 1 1
S00418 0 1 0 0 1 0 0 6 2 1 4
S01662 0 0 0 0 1 0 0 6 2 1 4
S00195 0 1 0 0 1 0 0 6 2 1 4
S00999 0 1 0 0 1 0 0 6 2 1 4
S01493 0 0 0 0 0 1 0 6 1 1 1
S01032 0 0 0 0 0 0 0 6 1 1 1
S01239 0 0 0 0 0 0 0 6 1 1 1
S01676 0 0 0 0 0 0 0 6 1 1 1
S01542 0 0 0 0 0 0 0 6 1 2 1
S00239 0 0 0 0 0 0 0 6 1 1 1
S01738 0 0 0 0 0 0 0 6 1 1 1
S00480 0 0 0 0 0 0 0 6 1 1 1
S01829 0 0 0 0 0 0 0 6 1 1 1
S01274 0 0 0 0 1 0 0 6 2 1 4
S00120 1 0 0 1 0 0 0 6 1 1 1
S00784 0 0 0 0 0 0 0 6 1 1 1
S00469 0 1 0 0 0 0 0 6 1 1 1
S00525 0 0 0 0 0 0 0 6 1 1 1
S00932 0 1 0 1 1 0 0 6 2 1 4
S01412 0 1 0 0 1 0 0 6 2 1 4
S01027 0 1 0 0 1 0 0 6 2 1 4
S00450 0 1 0 0 1 0 0 6 2 1 4
S01962 0 1 0 1 0 0 0 7 2 1 1
S01728 0 0 0 0 1 0 0 7 2 1 1
S01160 0 0 0 0 0 0 1 7 2 1 1
S01201 0 0 0 0 1 0 0 7 2 1 1
S00318 0 0 0 0 0 0 0 7 2 1 1
S01784 0 1 0 0 1 0 0 7 2 1 1
S00829 0 0 0 0 0 0 0 7 2 1 1
S00313 0 0 0 0 0 0 1 7 2 1 1
S00340 0 0 0 0 0 0 0 7 2 1 1
S01558 0 0 0 0 1 0 0 7 2 1 2
S01549 0 0 0 0 0 0 0 7 2 1 2
S00977 0 1 0 0 1 0 0 7 2 1 2
S00112 0 0 0 0 1 0 0 7 2 1 1
S01266 0 0 0 0 0 0 0 7 2 1 2
S01398 0 0 0 0 0 0 0 7 2 1 1
S01237 0 0 0 0 0 0 0 7 2 1 1
S01225 0 0 0 0 0 0 0 7 2 1 1
S00471 0 0 0 0 1 0 0 7 2 1 1
S01749 0 0 0 0 0 0 0 7 2 1 1
S00075 0 0 0 0 0 1 0 7 2 1 1
S00479 0 0 0 0 0 0 0 7 2 1 1
S00672 0 0 0 0 0 1 0 7 2 1 1
S00300 0 0 0 0 0 1 0 7 2 1 1
S00387 0 1 0 1 1 0 0 7 2 1 1
S00473 0 0 0 0 1 0 0 7 2 1 3
S01248 0 0 0 0 1 0 0 7 2 1 3
S00498 0 0 0 0 1 0 1 7 2 1 1
S01585 0 0 0 0 1 0 1 7 2 1 1
S00738 0 0 0 0 0 0 1 7 2 1 1
S01695 0 0 1 0 0 0 0 8 2 1 2
S01640 0 0 0 0 0 1 0 8 2 1 1
S01724 0 0 0 0 1 0 0 8 2 1 1
S01281 0 0 0 0 0 0 0 8 2 1 1
S00245 0 0 1 0 0 0 1 8 2 1 1
S00586 0 0 0 0 0 0 0 8 2 1 1
S01670 0 0 0 0 0 1 0 8 2 1 1
S00789 0 0 0 0 0 0 0 8 2 1 1
S00217 0 0 0 0 0 0 0 8 2 1 1
S00373 0 0 0 0 0 0 0 8 2 1 1
S00026 0 0 0 0 0 1 0 8 2 1 1
S00389 0 0 0 0 0 0 0 8 2 1 1
S00925 0 0 0 0 0 0 0 8 2 1 1
S00659 0 0 0 0 0 0 0 8 2 1 1
S00298 0 0 0 0 0 0 0 8 2 1 1
S00631 0 0 0 0 0 0 0 8 2 1 1
S01314 0 1 0 0 0 0 0 8 2 1 1
S01188 0 0 0 0 1 0 0 8 2 1 1
S01429 0 0 0 0 0 0 0 8 2 1 1
S00751 0 0 0 0 0 0 0 8 2 1 1
S01616 0 0 0 0 0 0 0 8 2 1 1
S00358 0 0 0 0 0 0 0 8 2 1 1
S01458 1 0 0 0 0 0 1 8 2 1 1
S00657 0 0 0 0 0 0 0 8 2 1 1
S00971 1 0 0 0 0 0 0 8 2 1 1
S00263 0 1 0 0 0 0 0 8 2 1 1
S01439 0 0 0 0 0 0 1 8 2 1 1
S01336 0 0 0 0 0 0 0 8 2 1 1
S01190 0 1 0 0 0 0 0 8 2 1 1
S01648 0 1 0 0 0 0 0 8 2 1 1
S00728 1 0 0 0 0 0 0 8 2 1 1
S01224 0 1 0 0 0 0 1 8 2 1 1
S01177 0 0 0 0 0 0 0 8 2 1 1
S00752 0 0 0 0 0 0 0 8 2 1 2
S00705 0 1 0 0 0 1 0 8 2 1 1
S01009 1 0 0 0 0 0 0 8 2 1 1
S01819 0 0 0 0 0 0 0 8 2 1 1
S00920 0 0 0 0 0 0 1 8 2 1 1
S01820 0 0 1 0 0 0 0 8 2 1 3
S00571 0 0 0 0 0 0 0 8 2 1 3
S01150 0 0 0 0 0 0 0 8 2 1 1
S01086 0 0 0 0 0 0 0 8 2 1 3
S00396 0 0 0 0 0 0 0 8 2 1 3
S01448 0 0 0 0 0 0 0 8 2 1 1
S00606 0 0 0 0 0 0 0 8 2 1 1
S01309 0 0 0 0 0 1 0 8 2 1 1
S00054 0 0 0 0 0 0 0 8 2 1 1
S01391 0 0 0 0 0 0 0 8 2 1 1
S00839 0 0 0 0 0 0 0 8 2 1 1
S01344 0 0 0 0 0 0 0 8 2 1 1
S01365 0 0 0 0 0 0 0 8 2 1 1
S00552 0 0 0 0 0 0 0 8 2 1 1
S00648 0 0 0 0 0 0 0 8 2 1 1
S00066 0 0 0 0 0 1 0 8 2 1 1
S01067 0 0 0 0 0 0 0 8 2 1 1
S01917 0 0 0 0 0 0 0 8 2 1 1
S00463 0 0 0 0 0 0 1 8 2 1 1
S01610 0 0 0 0 0 0 0 8 2 1 1
S01873 0 0 0 0 0 0 0 8 2 1 1
S00151 0 1 0 0 0 0 1 8 2 1 1
S01639 0 0 0 0 0 0 1 8 2 1 1
S01797 0 0 0 0 0 1 0 8 2 1 1
S01867 0 0 0 0 0 0 1 8 2 1 1
S01911 0 1 0 0 0 0 0 8 2 1 1
S01438 0 0 0 0 1 0 0 8 2 1 1
S00397 0 0 0 0 0 0 0 8 2 1 1
S01720 0 0 0 0 0 0 0 8 2 1 1
S01781 0 0 0 0 0 0 0 8 2 1 1
S00947 0 0 0 0 0 0 0 8 2 1 1
S01208 0 0 0 0 0 0 1 8 2 1 1
S01807 0 0 0 0 0 0 0 8 2 1 1
S01444 0 0 0 0 0 0 0 8 2 1 1
S00619 0 0 0 0 0 0 0 8 2 1 1
S01472 0 0 0 0 0 0 0 8 2 1 1
S00666 0 0 0 0 0 0 0 8 2 1 1
S01399 0 0 0 0 0 0 0 8 2 1 1
S01836 0 1 0 0 0 0 0 8 2 1 1
S01855 0 0 0 0 0 0 0 8 2 1 1
S00087 1 0 0 0 0 0 1 8 2 1 1
S01414 0 0 0 0 0 0 0 8 2 1 1
S00778 0 0 0 0 0 0 0 8 2 1 1
S00307 0 0 0 0 0 0 0 8 2 1 1
S00909 0 0 0 0 0 0 0 8 2 1 1
S00930 0 0 1 0 0 0 0 8 2 1 1
S01675 0 0 0 0 0 0 0 8 2 1 1
S01786 0 0 0 0 0 1 0 8 2 1 1
S01293 0 1 0 0 0 0 0 8 2 1 1
S00098 0 0 0 0 0 0 0 8 2 1 1
S01885 0 0 0 0 0 0 0 8 2 1 1
S00012 0 0 0 0 0 0 0 8 2 1 1
S00497 0 0 0 0 0 0 0 8 2 1 1
S00892 0 0 0 0 0 0 1 8 2 1 1
S01691 0 1 0 0 0 0 0 8 2 1 1
S01987 0 0 0 0 0 0 0 8 2 1 1
S00042 0 0 0 0 0 0 0 8 2 1 1
S00601 0 0 0 0 0 0 0 8 2 1 1
S00656 0 0 0 0 0 0 0 8 2 1 1
S01186 0 0 0 0 0 1 0 8 2 1 1
S00368 0 0 0 0 0 0 0 8 2 1 1
S00736 0 0 0 0 0 0 0 8 2 1 1
S01192 0 0 0 0 0 0 0 8 2 1 1
S01423 0 0 0 0 0 0 0 17 1 1 2
S01785 0 0 0 0 0 0 0 17 12 1 1
S00502 0 1 0 1 1 0 1 17 1 1 3
S00173 0 0 0 0 0 0 0 17 1 1 3
S00079 0 0 0 0 1 0 0 17 1 1 3
S01234 1 0 0 0 1 0 0 17 1 1 3
S00322 0 1 0 0 0 0 1 17 1 1 3
S01983 0 0 0 0 0 0 0 17 12 1 2
S00988 0 1 0 0 0 0 1 17 12 1 2
S00308 1 0 0 0 1 0 1 17 12 1 1
S00764 0 0 0 0 0 0 0 17 1 1 2
S00777 1 0 0 0 1 0 0 17 12 1 1
S00675 0 0 0 0 1 0 0 17 12 1 1
S00595 0 0 0 0 1 0 0 17 12 1 1
S00877 0 0 0 1 0 0 0 17 12 1 1
S01990 0 0 0 0 0 0 0 17 12 1 1
S01206 0 0 0 0 0 0 0 17 12 1 1
S00676 1 0 0 0 0 1 0 17 12 1 1
S00090 0 0 0 0 1 0 0 17 12 1 1
S01164 1 0 0 0 1 0 0 17 12 1 1
S00888 0 0 0 0 1 0 0 17 12 1 1
S01359 0 0 0 0 1 0 0 17 12 1 1
S00652 0 1 0 0 1 0 0 17 12 1 2
S01725 0 0 0 0 0 0 0 17 12 1 1
S00697 1 0 0 0 0 0 0 17 12 1 1
S00432 0 0 0 1 1 0 0 17 1 1 1
S01280 1 1 0 0 1 0 0 17 12 1 1
S01247 0 0 0 0 0 0 0 17 12 1 1
S00216 0 0 0 0 0 0 0 17 1 2 1
S00198 0 0 0 0 1 0 1 17 1 1 1
S00223 1 0 0 0 1 0 0 17 1 1 1
S00095 0 0 0 0 0 0 0 17 1 1 1
S01827 0 1 0 0 0 0 0 17 1 1 1
S00692 NA 0 0 0 0 1 1 17 1 1 1
S01469 0 0 0 0 1 0 0 17 1 1 1
S01712 0 1 0 0 1 0 1 17 1 1 1
S01137 0 0 0 0 0 0 0 17 1 1 1
S00104 0 0 0 0 1 1 0 17 1 1 1
S01156 0 0 0 1 1 0 1 17 1 1 1
S00200 0 0 0 0 0 0 0 17 1 1 1
S00539 0 1 0 0 1 0 0 17 1 1 1
S01673 0 0 0 0 0 0 1 17 1 1 1
S01018 0 0 0 0 0 0 0 17 1 1 1
S01053 0 0 0 0 0 0 0 17 1 1 1
S00522 0 0 0 0 0 0 0 17 1 1 1
S01483 0 0 0 0 0 0 1 17 1 1 1
S01986 1 0 0 0 1 0 0 17 1 1 1
S00076 1 0 0 0 0 0 0 17 1 1 1
S00554 0 0 0 0 1 0 0 17 1 1 1
S01500 0 0 0 0 0 0 0 17 1 1 1
S01630 1 0 0 0 0 1 0 17 1 1 1
S00520 0 0 0 0 0 0 1 17 1 1 1
S01649 0 0 0 0 0 0 0 17 1 1 2
S01741 1 0 0 0 1 0 0 17 1 2 1
S01144 0 0 0 0 0 0 0 17 1 1 1
S01599 0 0 0 0 0 0 0 17 2 1 1
S00229 0 0 0 0 0 0 1 17 1 1 2
S00044 0 0 0 0 0 0 0 17 1 1 1
S01633 0 0 0 0 0 0 1 17 1 1 1
S01252 0 0 0 0 1 0 0 17 1 1 1
S00618 0 0 0 0 0 0 0 17 1 1 1
S01168 0 0 0 0 0 0 0 17 1 1 1
S00678 1 0 0 0 0 0 1 17 1 1 1
S01750 0 0 0 0 0 0 1 17 1 1 1
S00623 0 0 0 0 0 0 0 17 1 1 1
S00412 0 0 0 0 0 0 0 17 1 1 1
S01688 0 0 0 0 0 0 0 17 1 1 1
S01434 0 0 0 0 0 0 0 17 1 1 1
S00374 0 0 0 1 0 0 0 17 1 1 1
S00425 0 1 0 0 0 0 0 17 2 1 1
S01528 0 0 1 0 0 0 0 17 2 1 1
S01645 0 0 0 0 0 0 0 17 1 1 1
S01846 0 0 0 0 1 0 1 17 2 1 1
S00492 0 0 0 0 0 0 0 17 2 1 1
S01209 0 1 0 0 0 0 1 17 2 1 1
S00365 0 0 0 0 0 0 0 17 1 1 1
S01535 0 0 0 0 0 0 1 17 1 1 1
S00407 1 0 0 0 0 0 1 17 1 1 1
S01482 0 0 0 0 0 1 1 17 1 1 1
S01774 0 0 0 0 0 0 0 17 1 1 1
S00995 1 0 0 1 0 0 0 17 1 1 1
S00461 1 0 0 0 1 0 1 17 1 1 1
S01418 1 0 0 1 0 0 0 17 1 1 1
S00161 0 0 0 1 0 0 1 17 1 1 1
S01604 0 0 0 0 0 0 1 17 1 1 1
S01080 0 0 0 0 0 0 0 17 1 1 1
S00562 0 0 0 0 0 0 0 17 1 1 1
S00260 0 0 0 0 0 0 0 17 1 1 1
S01731 1 0 0 0 0 0 0 17 12 1 1
S01445 1 0 0 0 0 1 0 17 12 1 1
S00159 0 0 0 1 0 0 0 17 1 1 2
S01576 0 0 0 0 0 0 0 17 1 1 2
S01874 0 0 0 0 1 0 0 17 12 1 1
S01244 0 0 0 1 0 0 0 17 1 1 2
S01284 0 0 0 0 0 0 0 17 12 1 1
S01020 0 0 0 0 0 0 0 17 1 1 2
S01613 0 0 0 1 0 0 0 17 12 1 1
S00575 0 0 0 0 0 0 0 17 12 1 1
S01626 0 0 0 1 1 0 0 17 1 1 3
S00241 1 0 0 0 0 0 0 17 12 1 1
S01432 0 0 0 0 0 0 0 17 1 1 2
S00841 0 0 0 0 0 0 0 17 2 1 1
S01844 0 0 0 0 0 0 0 17 2 1 1
S00900 0 1 0 0 0 0 0 17 2 2 1
S01560 0 0 0 0 0 1 1 17 2 1 1
S01243 0 0 0 0 0 0 1 17 2 1 1
S00009 0 1 0 0 0 0 0 17 2 1 1
S01084 0 0 0 0 0 1 0 17 2 1 1
S00907 0 0 0 0 0 0 1 17 2 1 1
S00244 0 0 0 0 0 0 1 17 2 1 1
S00879 0 0 0 0 0 0 1 17 12 1 1
S00935 0 0 0 1 0 0 0 17 12 1 1
S01408 0 0 0 0 1 0 0 17 12 1 1
S00209 0 0 0 0 1 0 0 17 12 1 1
S00517 0 0 0 0 1 0 0 17 12 1 1
S01005 0 0 0 0 1 0 0 17 12 1 1
S01507 1 0 0 0 1 1 0 17 12 1 1
S00474 0 0 0 0 1 0 0 17 12 1 1
S01139 0 0 0 0 0 1 1 17 12 1 1
S00650 1 1 0 0 1 0 0 17 12 1 1
S00762 0 0 0 0 0 1 0 17 12 1 1
S01958 0 0 0 0 0 0 0 17 12 1 1
S00602 0 0 0 0 1 0 0 17 12 1 1
S01763 0 0 0 0 0 0 0 17 12 1 1
S01154 0 0 0 1 0 0 0 17 1 1 1
S00271 0 0 0 0 1 0 0 17 12 1 1
S00726 0 0 0 0 1 0 0 17 12 1 1
S00238 0 0 0 0 1 0 0 17 12 1 1
S00314 1 0 0 0 1 0 0 17 12 1 1
S01566 1 0 0 0 1 0 0 17 12 1 1
S01082 1 0 0 0 1 1 1 17 12 1 1
S00361 0 0 0 0 1 0 0 17 12 1 1
S01951 0 0 0 0 1 0 0 17 12 1 1
S01004 0 0 0 0 1 0 0 17 12 1 1
S00181 0 0 0 0 1 0 0 17 12 1 1
S00787 0 0 0 0 0 0 0 23 12 1 1
S00148 0 0 0 0 0 0 0 23 12 1 1
S01216 0 0 0 0 1 0 0 23 12 1 1
S01193 1 1 0 0 1 0 0 23 12 1 1
S01115 0 1 0 0 0 0 0 23 12 1 2
S00785 0 0 0 0 0 0 0 23 12 1 2
S00384 0 0 0 0 0 0 0 23 12 1 2
S00258 0 0 0 0 0 0 0 23 12 1 1
S01286 0 0 0 0 0 0 1 23 12 1 1
S00053 0 0 0 0 0 0 0 23 12 1 1
S00668 0 0 0 0 0 1 1 23 12 1 1
S01700 0 0 0 0 0 0 0 23 12 1 1
S01978 0 1 0 1 0 0 0 23 12 1 4
S01291 1 1 0 0 0 0 0 23 12 1 4
S01503 1 1 0 0 0 0 0 23 12 1 4
S01217 0 1 0 0 0 0 0 23 12 1 4
S00775 0 0 0 0 1 0 1 23 12 1 1
S00405 0 0 0 0 0 0 0 23 1 1 3
S01250 0 0 0 1 0 1 0 23 1 1 3
S01756 0 0 0 0 1 0 1 23 1 1 3
S01713 0 0 0 0 0 0 0 23 12 1 2
S00419 1 1 0 0 0 0 0 23 12 1 4
S00523 0 1 0 0 0 0 0 23 12 1 4
S01068 0 0 0 1 0 0 1 23 12 1 2
S00664 0 1 0 1 1 0 0 23 1 1 3
S01598 1 0 0 0 1 0 0 23 12 1 4
S01761 0 0 0 1 0 0 1 23 12 1 2
S00599 0 0 0 0 0 0 1 23 12 1 2
S01851 0 0 0 1 0 0 0 23 12 1 2
S01940 0 1 0 0 0 0 0 23 12 1 4
S01592 0 1 0 1 0 0 0 23 12 1 4
S00711 0 0 0 0 0 1 0 23 1 1 3
S01614 1 1 0 1 1 1 0 23 12 1 4
S01092 0 1 0 0 0 0 0 23 12 1 4
S00635 0 0 0 1 0 0 0 23 1 1 3
S01490 0 1 0 1 0 0 0 23 12 1 4
S01300 0 0 0 1 0 0 1 23 12 1 2
S00862 1 0 0 0 1 0 1 23 1 1 3
S00827 0 1 0 0 0 0 0 23 12 1 4
S00354 1 1 0 0 0 0 0 23 12 1 4
S00638 0 0 0 1 0 1 0 23 1 1 3
S01340 0 1 0 0 0 0 0 23 12 1 4
S01477 0 0 0 0 0 0 0 23 12 1 1
S00662 0 0 0 0 0 0 0 23 12 1 1
S01270 1 1 0 0 1 0 0 23 12 1 4
S01033 0 1 0 0 0 0 0 23 12 1 4
S01207 0 1 0 0 0 0 0 23 12 1 4
S01002 0 1 0 0 0 0 0 23 12 1 4
S01572 0 0 0 1 1 1 0 23 1 1 3
S01360 0 1 0 0 0 0 1 23 12 1 4
S00706 0 0 0 0 1 0 0 23 1 1 3
S00962 0 0 0 0 0 0 0 23 1 2 3
S01324 1 0 0 1 0 0 0 23 12 1 1
S01547 0 0 0 0 0 0 1 23 12 1 1
S00569 0 0 0 0 0 1 0 23 12 1 1
S01296 0 0 0 0 0 0 0 23 12 1 2
S01422 0 0 0 0 0 0 0 23 12 1 1
S00381 0 0 0 0 1 0 0 23 12 1 2
S02008 0 0 0 0 0 0 1 23 12 1 1
S01737 1 1 0 1 0 0 0 23 12 1 2
S00168 1 0 0 0 0 0 1 23 12 1 1
S00290 1 0 0 0 0 0 0 23 12 1 1
S00312 0 0 0 0 0 0 1 23 12 1 2
S00799 0 0 0 0 0 0 1 23 12 1 1
S01642 0 0 0 1 0 0 0 23 12 1 1
S01762 0 0 0 0 1 0 0 23 12 1 1
S00122 1 0 0 0 1 0 0 23 12 1 1
S00597 0 0 0 0 0 0 0 23 12 1 1
S00294 0 0 0 0 1 1 1 23 12 1 1
S00333 1 0 0 1 1 0 0 23 12 1 1
S00349 0 0 0 0 1 0 0 23 12 1 1
S00464 1 0 0 0 1 1 0 23 12 1 1
S01097 0 0 0 0 1 0 0 23 12 1 1
S01776 0 1 0 0 0 0 0 23 2 1 4
S01655 0 0 0 0 0 0 0 23 12 1 1
S01285 0 0 0 0 1 0 0 23 12 1 1
S01826 0 0 0 0 0 0 0 23 12 1 1
S00357 0 0 0 0 0 0 0 23 12 1 1
S00426 0 0 0 0 1 0 1 23 2 1 4
S00739 0 1 0 0 1 0 0 23 2 1 4
S00129 0 1 0 0 1 0 1 23 2 1 4
S01696 0 1 0 0 1 0 0 23 2 1 4
S02010 0 1 0 0 1 0 0 23 2 1 4
S02007 0 1 0 0 1 0 0 23 2 1 4
S00180 0 1 0 0 1 0 0 23 2 1 4
S01708 0 0 0 0 1 0 0 23 2 1 4
S00297 0 1 0 0 1 0 0 23 2 1 4
S00149 0 0 0 0 0 0 0 23 2 1 4
S01914 0 1 0 1 1 0 0 23 2 1 4
S00556 0 1 0 0 1 0 0 23 2 2 4
S01130 0 1 0 0 1 0 0 23 2 2 4
S00894 0 1 0 0 0 0 0 23 2 1 4
S00680 0 0 0 0 1 0 0 23 2 1 4
S00614 0 1 0 0 0 0 0 23 2 1 4
S00786 0 0 0 0 1 0 0 23 12 1 3
S01792 1 0 0 0 1 0 0 23 12 1 3
S00501 1 0 0 0 0 0 0 23 12 1 1
S01830 1 0 0 0 1 0 1 23 12 1 3
S00064 0 1 0 0 1 0 0 23 12 1 3
S01666 1 0 0 0 0 0 1 23 12 1 1
S01838 0 1 0 0 1 0 1 23 12 2 3
S00279 0 0 0 0 1 0 0 23 12 1 3
S00186 0 1 0 0 0 0 0 23 12 2 3
S01226 0 0 0 0 0 0 0 23 12 1 1
S01768 1 0 0 0 0 0 0 23 12 2 1
S01886 0 0 0 1 0 0 0 23 1 1 2
S00512 1 0 0 0 1 0 0 23 12 1 3
S00061 0 0 0 0 1 0 0 23 12 1 3
S00188 0 0 0 0 0 0 0 23 12 1 1
S01178 0 0 0 0 0 0 0 23 12 1 1
S01218 0 0 0 0 0 0 0 23 12 1 1
S00591 0 0 0 0 0 0 0 23 12 1 1
S00436 0 0 0 0 0 0 0 23 12 1 2
S00822 1 0 0 0 0 1 1 23 12 1 1
S00590 1 0 0 0 0 0 0 23 12 1 1
S01718 0 0 0 0 1 1 1 23 12 1 1
S00284 0 0 0 0 0 0 0 23 12 1 1
S00131 0 0 0 0 0 0 1 23 12 1 1
S00581 0 0 0 0 0 0 1 23 12 1 1
S00050 0 0 0 0 0 0 0 23 12 1 1
S01800 0 0 0 1 0 0 0 23 12 1 2
S01264 1 0 0 0 0 1 0 23 12 1 1
S01624 1 0 0 0 0 0 1 23 12 1 1
S01406 0 0 0 0 0 1 1 23 12 1 1
S01283 1 0 0 0 0 0 0 23 12 1 1
S00735 1 0 0 0 0 0 0 23 12 1 1
S01825 0 0 0 0 1 0 0 23 12 1 1
S00305 0 1 0 0 0 0 1 23 12 1 1
S00737 1 1 0 0 0 0 0 16 1 1 2
S00255 1 0 0 0 0 0 0 16 1 1 3
S01530 0 0 0 0 0 0 0 16 1 1 3
S01407 0 1 0 0 0 0 0 16 1 1 1
S00895 0 0 0 0 0 0 0 1 7 1 1
S01559 0 0 0 0 0 0 0 1 7 1 1
S00714 0 0 0 0 0 0 1 2 7 1 1
S01075 0 0 0 0 0 0 0 14 7 1 1
S01058 0 0 0 0 0 0 0 14 7 1 1
S01904 0 0 0 0 0 0 1 14 7 1 1
S00872 0 0 0 0 0 0 1 1 8 1 1
S00179 0 0 0 0 1 0 0 1 8 1 3
S00377 0 0 0 0 0 0 0 1 8 1 1
S00832 0 0 0 0 0 0 0 2 7 1 1
S01494 0 0 0 0 0 0 0 1 8 1 1
S01312 0 0 0 0 0 0 0 1 8 1 1
S00152 0 0 0 0 0 0 0 1 8 1 1
S01087 0 0 0 0 1 0 0 1 8 1 1
S00240 0 0 0 0 0 0 0 2 8 1 1
S01211 0 0 0 0 0 0 0 2 8 1 1
S00710 0 0 0 0 0 0 1 3 9 1 1
S01913 1 0 0 0 1 1 0 3 9 1 1
S00808 1 0 0 0 0 0 1 3 9 2 1
S01369 0 0 0 0 1 0 0 3 9 1 1
S01373 0 0 0 0 0 1 0 3 9 1 1
S01495 0 0 0 0 0 0 0 3 9 1 1
S00707 0 0 0 0 0 0 0 22 9 1 1
S01149 1 0 0 0 1 0 0 22 9 1 1
S01354 0 0 0 0 0 0 1 22 9 1 1
S00213 1 0 0 0 1 0 0 22 9 1 1
S01302 1 0 0 0 0 0 0 22 9 1 1
S01715 0 1 0 0 1 0 0 6 2 1 4
S01457 0 1 0 0 1 0 0 6 2 1 4
S00017 0 0 0 0 1 0 0 6 2 1 4
S00655 0 1 0 0 1 0 0 23 2 1 4
S01748 0 0 0 0 0 0 0 15 9 1 1
S00860 0 0 0 0 0 0 0 15 9 1 1
S01995 0 0 0 0 0 0 0 15 9 1 1
S01538 0 0 0 0 0 0 0 15 9 1 1
S01199 0 0 0 0 0 0 0 15 9 1 1
S01001 0 0 0 0 0 0 0 15 9 2 1
S01888 0 0 0 0 0 0 0 15 9 1 1
S01931 0 0 0 0 0 0 0 15 9 1 1
S01184 0 0 0 0 0 0 0 15 9 1 1
S01118 0 0 0 0 0 0 1 15 9 2 1
S01028 0 0 0 0 0 0 0 15 9 1 1
S01012 0 0 0 0 0 0 0 15 9 1 1
S00403 0 0 0 0 0 0 0 15 9 1 1
S00708 0 0 0 0 0 0 0 15 9 2 1
S00521 0 0 0 0 0 0 0 15 9 1 1
S00102 0 0 0 0 0 0 0 15 9 1 1
S01062 0 0 0 0 0 0 0 15 9 1 1
S00231 0 0 0 0 1 0 0 15 9 1 1
S01024 0 0 0 0 1 0 0 15 9 1 1
S01147 0 0 0 0 0 0 0 15 9 1 1
S00506 0 0 0 0 0 0 1 15 9 1 1
S00593 0 0 0 0 1 0 1 15 9 1 1
S00693 0 0 0 0 0 0 1 15 9 1 1
S01699 0 0 0 0 0 0 1 15 9 1 1
S00840 0 0 0 0 0 0 1 15 9 1 1
S00722 0 0 0 0 0 0 1 15 9 1 1
S01653 0 0 0 0 0 0 1 15 9 1 1
S01041 0 0 0 0 0 0 0 15 10 1 1
S01870 0 0 0 0 0 0 0 15 10 1 1
S00250 0 0 0 0 0 1 0 15 10 1 1
S00249 0 0 0 0 0 0 0 15 10 1 1
S00869 1 0 0 0 0 1 1 15 10 1 1
S01526 0 0 0 0 0 0 0 20 9 1 1
S01674 0 0 0 0 0 0 0 15 10 1 1
S01703 0 0 0 0 0 0 0 15 10 1 1
S00030 0 0 0 0 0 0 0 15 10 1 1
S00767 0 0 0 0 0 0 0 15 10 1 1
S01120 0 0 0 0 0 0 0 15 10 1 1
S00210 0 0 0 0 1 0 0 15 10 1 1
S01665 0 0 0 0 1 0 1 15 10 1 2
S00046 0 0 0 0 1 0 0 15 10 1 1
S01102 0 0 0 0 1 0 0 15 10 1 1
S01488 0 0 0 0 1 0 0 15 10 1 1
S00901 0 0 0 0 1 0 0 15 10 1 1
S00548 0 0 1 0 0 0 0 15 10 1 1
S00183 0 0 1 0 0 0 0 15 10 1 1
S00797 0 0 0 1 1 0 0 15 10 1 1
S01506 0 0 0 0 0 0 0 15 10 1 1
S00022 0 0 0 0 0 0 0 15 10 1 1
S01651 0 0 1 0 0 0 0 15 10 1 1
S00624 0 0 0 0 0 0 0 15 10 1 1
S01079 0 0 0 0 1 0 1 15 10 1 1
S00771 0 0 0 0 1 0 0 15 10 1 1
S01802 0 0 0 0 1 0 1 15 10 1 1
S01907 0 0 0 0 0 0 1 15 10 1 1
S01970 0 0 1 0 0 0 1 22 10 1 1
S00303 0 0 0 0 0 0 0 22 10 1 1
S00037 0 0 0 0 0 0 0 22 10 1 1
S01620 0 0 0 1 1 0 1 3 11 1 2
S01260 1 0 0 0 1 0 0 3 11 1 2
S01644 0 0 0 0 0 0 0 3 11 1 1
S01971 1 0 0 0 0 0 1 3 11 1 1
S00934 1 0 0 0 0 0 1 3 11 1 3
S01893 0 1 0 1 0 0 1 3 11 1 3
S00938 1 1 0 0 1 0 0 3 11 1 3
S01551 1 0 0 0 1 0 0 3 11 1 3
S01269 0 0 0 0 0 0 1 3 11 1 3
S00848 0 0 0 1 1 0 0 3 11 1 3
S01834 0 0 0 0 1 0 0 3 11 1 1
S01812 0 0 0 0 1 0 1 3 11 1 2
S00997 0 0 0 1 1 0 0 3 11 1 1
S01518 0 0 0 0 1 0 1 3 11 1 2
S00584 0 0 0 0 0 0 0 3 11 1 1
S01071 0 0 0 0 1 0 0 3 11 1 2
S01051 0 0 0 0 1 0 0 3 11 1 2
S01511 1 1 0 0 1 0 0 3 11 1 2
S00117 0 0 0 0 1 0 0 3 11 1 2
S00596 0 0 0 0 1 1 0 3 11 1 2
S00059 0 0 0 0 0 0 0 3 11 1 2
S00166 0 0 0 0 1 0 0 3 11 1 2
S01853 1 0 0 0 0 1 0 3 11 1 1
S01643 0 0 0 0 1 0 0 3 11 1 1
S01647 1 1 0 0 0 0 0 3 11 1 1
S00058 0 0 0 0 0 0 1 3 11 1 1
S01341 0 0 0 0 0 0 1 3 11 1 1
S01697 1 0 0 0 1 0 0 3 11 1 1
S01131 0 0 0 0 0 0 0 3 11 1 1
S01098 0 0 0 0 1 0 0 3 11 1 1
S01179 0 0 0 0 0 0 0 3 11 1 1
S01658 0 0 0 0 0 0 0 3 11 1 1
S00155 0 0 0 0 0 0 1 3 11 1 1
S00983 0 0 0 0 0 1 1 3 11 1 1
S01754 0 1 0 0 1 0 0 3 11 1 3
S00833 0 0 0 0 1 0 0 3 11 1 2
S00891 1 0 0 0 0 0 0 15 11 1 1
S01146 0 0 0 0 1 0 0 15 11 1 1
S01871 0 0 0 0 1 0 1 15 11 1 1
S00921 0 0 0 0 1 0 1 15 11 1 1
S00212 0 0 0 0 0 0 0 15 11 1 1
S00990 0 0 0 0 0 1 0 15 11 1 1
S00823 1 0 0 0 0 0 0 22 11 1 1
S00772 0 0 0 0 0 0 1 23 12 2 1
S00813 0 0 0 0 0 0 0 6 1 1 1
S01219 0 0 0 0 0 0 0 6 1 1 1
S00968 0 0 0 0 0 0 0 6 1 1 1
S00573 0 0 0 1 0 0 0 6 1 1 1
S00431 0 0 0 0 1 0 0 6 1 1 1
S00906 0 0 0 0 0 0 0 6 1 1 1
S00982 0 0 0 0 1 0 0 6 1 1 1
S00960 0 1 0 0 0 0 0 17 12 1 2
S00865 0 0 0 0 1 0 0 17 12 1 1
S00278 1 0 0 1 0 0 0 23 1 1 1
S01611 0 1 0 0 1 0 0 23 1 1 1
S00519 0 0 0 0 0 0 0 6 1 1 1
S01435 0 0 0 0 0 0 0 6 1 1 1
S01801 1 0 0 0 0 0 0 6 1 1 1
S00156 1 0 0 0 1 0 0 6 1 1 1
S00746 0 0 0 0 1 0 0 6 1 1 1
S00346 0 0 0 0 0 0 0 6 1 1 1
S00441 0 0 0 0 0 0 0 6 1 1 1
S01112 0 0 0 0 0 0 0 6 1 2 1
S01527 0 0 0 0 1 0 0 6 1 1 1
S00392 0 0 0 0 0 0 1 6 1 1 1
S01257 0 0 0 0 0 0 0 6 1 1 1
S01966 0 0 0 0 0 0 0 6 1 1 1
S00702 0 0 0 0 0 0 0 6 1 1 1
S01586 0 0 0 0 0 0 1 6 1 1 1
S01831 0 0 0 1 0 0 0 6 1 1 1
S00005 0 0 0 1 0 0 0 6 1 1 1
S01939 0 1 0 0 0 0 0 6 1 1 1
S00353 0 0 0 0 0 0 0 6 1 1 1
S00634 0 0 0 0 0 0 0 6 1 1 1
S01955 0 1 0 0 0 0 0 6 1 1 2
S01709 1 0 0 0 0 0 1 6 1 1 1
S00286 0 1 0 0 1 0 0 17 1 1 1
S00980 0 0 0 0 0 1 0 6 1 1 1
S01587 0 0 0 0 0 0 0 6 1 1 1
S01376 0 0 0 0 0 0 0 6 1 1 1
S01719 0 0 0 0 0 0 0 7 2 1 1
S00084 0 1 0 0 1 0 0 7 2 1 1
S00237 0 1 0 0 1 1 1 7 2 1 3
S00295 0 0 0 0 1 0 0 7 2 1 1
S00002 0 0 0 0 1 0 0 7 2 1 1
S00998 0 0 0 0 0 0 0 7 2 1 1
S01884 0 0 0 0 1 0 0 7 2 1 1
S00372 0 0 0 0 0 0 0 7 2 1 1
S01512 1 0 0 0 0 0 0 7 2 1 1
S01985 0 1 0 0 0 0 0 7 2 1 1
S00218 0 0 0 0 0 0 0 7 2 1 1
S00391 0 0 0 0 0 0 0 7 2 1 1
S00413 0 1 0 0 0 0 0 7 2 1 1
S00987 0 0 0 0 1 0 0 7 2 1 1
S01383 0 0 0 0 0 0 0 7 2 1 1
S00182 0 0 0 0 0 0 1 8 2 1 1
S00991 0 0 0 0 0 0 0 8 2 1 1
S00542 0 1 0 0 0 0 0 8 2 1 1
S00362 0 0 0 0 0 0 0 8 2 1 1
S01573 0 0 0 0 0 0 1 8 2 1 1
S01436 0 0 0 0 0 0 1 10 10 1 1
S01894 1 1 0 0 0 0 0 10 10 1 1
S01392 0 0 0 0 0 0 0 10 10 1 1
S01155 0 0 0 0 0 0 0 10 10 1 1
S00196 0 0 0 0 0 0 0 10 10 1 1
S01969 0 0 0 0 0 0 0 10 10 1 1
S00447 0 0 0 0 0 0 0 10 10 1 1
S00950 0 0 1 0 0 0 0 10 10 1 1
S01622 0 0 0 0 0 0 0 10 10 1 1
S00024 0 1 0 0 0 0 0 10 10 1 1
S00228 0 0 0 0 0 0 0 10 10 1 1
S00915 0 0 0 0 0 0 0 10 10 1 1
S00770 0 1 0 0 0 0 0 10 10 1 1
S00452 0 0 1 1 0 0 1 10 10 1 1
S00688 0 1 0 0 0 0 0 10 10 1 1
S01003 0 0 0 0 0 0 0 10 10 1 1
S01364 0 0 0 0 0 0 0 10 10 1 1
S01384 0 1 0 0 0 0 0 10 10 1 1
S00268 0 0 0 0 0 0 0 10 10 1 1
S01690 0 1 1 0 0 0 0 10 11 1 1
S00916 0 1 0 0 0 0 0 10 10 1 1
S00791 0 0 1 0 0 0 0 10 11 1 1
S01465 0 0 1 0 0 0 0 10 10 1 1
S00190 0 1 1 0 0 0 0 10 10 1 1
S01265 0 0 0 0 0 0 1 10 10 1 1
S01694 0 0 0 0 0 0 0 10 10 1 1
S01950 0 0 0 0 0 0 0 10 10 1 1
S01702 0 0 0 0 0 0 0 10 10 1 1
S00587 0 0 0 0 0 0 1 10 11 1 1
S01229 1 0 0 0 0 0 0 18 11 1 1
S01787 0 0 0 0 0 0 0 18 11 1 1
S01238 0 0 0 0 0 0 0 18 11 1 1
S01352 0 0 0 0 0 0 0 18 11 1 1
S00402 1 0 0 0 0 0 0 18 11 1 1
S01858 0 0 0 0 0 0 0 18 11 1 1
S01473 1 1 0 0 0 0 0 4 11 1 1
S01984 0 0 0 0 1 0 0 4 11 1 4
S01778 0 0 0 0 1 0 0 4 11 1 4
S01824 1 0 0 0 1 0 0 4 11 1 4
S00133 0 0 0 0 1 0 0 4 11 1 3
S00607 0 0 0 0 1 0 0 4 11 1 1
S01623 0 0 0 0 0 0 0 18 11 1 1
S00021 0 0 0 0 0 0 0 18 11 1 1
S00495 0 0 0 0 1 0 0 18 11 1 1
S01521 0 0 0 0 0 0 0 18 11 1 1
S01331 0 0 1 0 0 1 0 18 11 1 1
S00254 0 1 0 0 1 0 0 4 11 1 3
S01890 0 0 0 0 0 0 1 5 11 1 1
S01569 0 0 0 0 0 0 0 5 11 1 1
S01380 0 1 0 0 1 0 0 5 11 1 1
S00628 0 0 0 0 0 0 0 9 11 1 1
S00304 0 1 0 0 0 0 0 16 1 1 3
S00814 0 1 0 0 0 0 0 16 1 1 3
S00193 0 1 0 0 0 0 0 16 1 1 3
S00952 0 0 0 0 0 0 0 16 1 1 1
S00105 0 1 0 0 0 0 0 16 1 1 3
S00855 0 1 0 0 0 0 0 16 1 1 3
S01597 1 1 0 0 0 0 0 16 1 1 3
S00214 0 0 0 0 0 0 0 16 1 1 3
S00331 0 1 0 0 0 0 0 16 1 1 3
S01947 0 0 0 0 0 0 0 16 1 1 1
S01520 1 1 0 0 0 0 0 16 1 1 3
S01933 1 0 0 0 1 0 0 16 1 1 1
S00466 0 0 0 0 0 1 0 16 1 1 1
S01213 0 1 0 0 0 1 0 16 1 1 1
S00859 0 1 0 1 0 0 0 16 1 1 2
S00285 1 0 0 0 1 0 0 16 1 1 1
S01723 0 1 0 0 0 0 1 16 1 1 3
S00956 1 0 0 0 0 0 1 16 1 1 3
S01964 0 0 0 0 0 0 0 16 1 1 3
S01577 0 0 0 0 0 0 0 16 1 2 2
S01036 0 0 0 0 0 0 0 16 1 1 1
S01716 0 0 0 0 0 0 0 16 1 1 2
S01717 0 1 0 0 0 0 0 16 1 1 1
S01275 0 0 0 0 0 0 0 16 1 1 1
S00110 0 0 0 0 0 0 0 16 1 1 1
S01539 0 1 0 0 0 0 0 16 1 1 2
S01541 0 1 0 0 0 0 0 16 1 1 2
S01588 0 1 0 0 0 0 0 16 1 2 2
S01863 0 0 0 0 0 0 0 16 1 1 1
S01959 0 0 0 0 0 0 0 16 1 1 1
S01922 0 1 0 1 0 0 0 16 1 1 1
S01195 0 0 0 0 0 0 0 16 1 1 1
S01740 0 1 0 0 0 0 0 16 1 1 2
S01375 0 0 0 0 0 0 0 16 2 1 1
S00951 0 0 0 0 0 0 0 16 2 1 1
S00774 0 0 0 0 0 0 0 16 2 1 2
S00460 0 0 0 0 0 0 0 16 2 1 2
S00440 0 0 0 0 0 0 0 16 2 1 1
S00831 0 1 0 0 0 0 1 16 2 1 1
S00793 0 0 0 0 0 0 0 16 1 1 1
S00468 0 1 0 0 0 0 0 16 1 1 2
S01736 0 0 0 0 0 0 0 16 2 1 1
S00750 0 0 0 0 0 0 0 16 2 1 1
S00197 0 0 0 0 0 0 0 16 2 1 2
S01066 1 0 0 0 1 0 0 16 2 1 2
S00936 0 0 0 0 1 0 0 16 2 1 2
S00178 0 0 0 0 0 0 0 16 2 1 1
S00609 0 0 0 1 0 0 0 16 1 1 1
S00507 0 0 0 0 0 0 0 16 1 1 1
S00903 0 1 0 0 0 0 0 16 2 1 1
S00309 0 1 0 0 0 0 0 16 2 1 1
S01449 0 0 0 0 0 0 0 16 2 1 1
S01757 0 0 0 0 0 1 0 16 2 1 1
S00019 0 0 0 0 0 0 0 16 2 1 1
S01721 0 1 0 0 0 0 1 16 2 2 2
S01008 0 1 0 0 0 0 0 16 2 1 1
S00121 0 0 0 0 0 0 0 11 9 1 1
S01817 0 0 0 0 0 0 0 11 9 1 1
S01956 0 0 0 0 0 0 1 11 9 1 1
S00350 0 0 0 0 0 0 1 11 9 1 1
S00504 0 0 0 0 0 1 1 11 9 1 1
S01849 0 0 0 0 0 0 0 11 9 1 2
S00818 0 0 0 0 0 0 0 11 9 1 2
S01381 0 0 0 0 0 0 1 11 9 1 1
S01014 0 1 0 0 0 0 0 11 9 1 1
S01045 0 0 0 0 0 0 1 12 9 1 2
S00062 0 0 0 0 0 0 0 13 9 1 1
S00274 0 0 0 0 0 0 0 13 9 1 1
S00884 0 0 0 0 0 0 1 13 9 1 1
S00336 0 0 0 0 0 0 1 13 9 1 1
S00033 0 0 0 0 0 0 0 13 9 1 1
S01564 0 0 0 0 1 0 0 13 9 1 1
S00929 0 0 0 0 0 0 0 13 9 1 1
S01191 0 0 0 0 0 0 0 13 9 1 1
S00843 0 0 0 0 0 0 0 11 9 1 1
S01474 0 1 0 0 0 0 1 11 9 1 2
S00510 0 0 0 0 1 0 1 12 9 1 1
S01006 0 1 0 0 0 0 0 13 9 1 1
S01277 0 0 0 0 0 0 0 13 9 1 1
S00071 0 0 0 0 0 0 0 13 9 1 1
S01764 0 0 0 0 0 0 0 13 9 1 1
S01638 0 0 0 0 0 0 0 21 10 1 1
S00139 0 0 0 0 0 0 0 21 10 1 1
S01122 0 0 0 0 0 0 1 21 10 1 1
S00243 0 0 0 0 0 0 0 21 10 1 1
S01017 0 0 0 0 0 0 0 21 10 1 1
S01089 0 0 0 0 0 0 0 21 10 1 1
S00069 0 0 0 0 0 0 0 21 10 1 1
S00230 0 0 0 0 0 0 0 21 10 1 1
S00769 0 0 0 0 0 1 0 21 10 1 1
S00015 0 0 0 0 0 0 0 21 10 1 1
S00669 0 0 0 0 0 0 0 21 10 1 1
S00410 0 0 0 0 0 0 0 21 10 1 1
S00293 0 0 0 0 0 0 0 21 10 1 1
S00499 0 0 0 0 0 0 0 21 10 1 1
S00540 0 0 0 0 0 0 0 21 10 1 1
S00712 0 0 0 0 0 0 0 21 9 1 1
S01949 0 0 0 0 0 0 0 21 9 1 1
S01321 0 0 0 0 0 0 0 21 10 1 1
S00352 0 0 0 0 0 0 0 21 10 1 1
S01153 0 0 0 0 0 0 0 21 10 2 1
S00926 1 0 0 0 0 0 0 21 10 1 2
S01678 0 0 0 0 0 0 0 21 10 1 2
S00130 0 0 0 0 0 0 0 21 10 1 1
S00946 0 0 0 0 0 0 0 21 10 1 1
S00713 1 0 0 0 0 0 0 21 10 1 2
S01553 0 0 0 0 1 0 0 3 11 1 1
S00335 0 0 0 0 1 0 1 3 11 1 3
